left_landmark_x_0,left_landmark_x_1,left_landmark_x_2,left_landmark_x_3,left_landmark_x_4,left_landmark_x_5,left_landmark_x_6,left_landmark_x_7,left_landmark_x_8,left_landmark_x_9,left_landmark_x_10,left_landmark_x_11,left_landmark_x_12,left_landmark_x_13,left_landmark_x_14,left_landmark_x_15,left_landmark_x_16,left_landmark_x_17,left_landmark_x_18,left_landmark_x_19,left_landmark_x_20,left_landmark_y_0,left_landmark_y_1,left_landmark_y_2,left_landmark_y_3,left_landmark_y_4,left_landmark_y_5,left_landmark_y_6,left_landmark_y_7,left_landmark_y_8,left_landmark_y_9,left_landmark_y_10,left_landmark_y_11,left_landmark_y_12,left_landmark_y_13,left_landmark_y_14,left_landmark_y_15,left_landmark_y_16,left_landmark_y_17,left_landmark_y_18,left_landmark_y_19,left_landmark_y_20,right_landmark_x_0,right_landmark_x_1,right_landmark_x_2,right_landmark_x_3,right_landmark_x_4,right_landmark_x_5,right_landmark_x_6,right_landmark_x_7,right_landmark_x_8,right_landmark_x_9,right_landmark_x_10,right_landmark_x_11,right_landmark_x_12,right_landmark_x_13,right_landmark_x_14,right_landmark_x_15,right_landmark_x_16,right_landmark_x_17,right_landmark_x_18,right_landmark_x_19,right_landmark_x_20,right_landmark_y_0,right_landmark_y_1,right_landmark_y_2,right_landmark_y_3,right_landmark_y_4,right_landmark_y_5,right_landmark_y_6,right_landmark_y_7,right_landmark_y_8,right_landmark_y_9,right_landmark_y_10,right_landmark_y_11,right_landmark_y_12,right_landmark_y_13,right_landmark_y_14,right_landmark_y_15,right_landmark_y_16,right_landmark_y_17,right_landmark_y_18,right_landmark_y_19,right_landmark_y_20,pose_landmark_x_0,pose_landmark_x_1,pose_landmark_x_2,pose_landmark_x_3,pose_landmark_x_4,pose_landmark_x_5,pose_landmark_x_6,pose_landmark_x_7,pose_landmark_x_8,pose_landmark_x_9,pose_landmark_x_10,pose_landmark_x_11,pose_landmark_x_12,pose_landmark_x_13,pose_landmark_x_14,pose_landmark_x_15,pose_landmark_x_16,pose_landmark_x_17,pose_landmark_x_18,pose_landmark_x_19,pose_landmark_x_20,pose_landmark_x_21,pose_landmark_x_22,pose_landmark_x_23,pose_landmark_x_24,pose_landmark_x_25,pose_landmark_x_26,pose_landmark_x_27,pose_landmark_x_28,pose_landmark_x_29,pose_landmark_x_30,pose_landmark_x_31,pose_landmark_x_32,pose_landmark_y_0,pose_landmark_y_1,pose_landmark_y_2,pose_landmark_y_3,pose_landmark_y_4,pose_landmark_y_5,pose_landmark_y_6,pose_landmark_y_7,pose_landmark_y_8,pose_landmark_y_9,pose_landmark_y_10,pose_landmark_y_11,pose_landmark_y_12,pose_landmark_y_13,pose_landmark_y_14,pose_landmark_y_15,pose_landmark_y_16,pose_landmark_y_17,pose_landmark_y_18,pose_landmark_y_19,pose_landmark_y_20,pose_landmark_y_21,pose_landmark_y_22,pose_landmark_y_23,pose_landmark_y_24,pose_landmark_y_25,pose_landmark_y_26,pose_landmark_y_27,pose_landmark_y_28,pose_landmark_y_29,pose_landmark_y_30,pose_landmark_y_31,pose_landmark_y_32
0.3781174023946126,0.3909632682800293,0.402952766418457,0.4055219332377116,0.4106602668762207,0.3909632682800293,0.3961016337076823,0.4003835995992025,0.4046655337015787,0.38154296875,0.3892505009969075,0.3952452341715495,0.4003835995992025,0.3764046351114908,0.3832557678222656,0.3892505009969075,0.3943888346354167,0.3729790687561035,0.3781174023946126,0.3832557678222656,0.3883941014607747,0.8004809909396702,0.8187506781684027,0.8400652850115741,0.8674697875976562,0.8887844509548611,0.8735596833405671,0.8979192663122106,0.9161889535409432,0.9298911765769676,0.8766046594690393,0.9040091620551216,0.919233873155382,0.934458640769676,0.8766046594690393,0.8994417543764468,0.9116215458622684,0.9238012808340568,0.8750821714048033,0.8903068825050636,0.8994417543764468,0.90705408166956,0.5879332224527994,0.5776565551757813,0.5682362238566081,0.5665234883626302,0.5639542897542318,0.5827948888142903,0.5785129547119141,0.5733745574951172,0.5682362238566081,0.5913588205973307,0.5853640874226888,0.5785129547119141,0.5716618220011394,0.5939279556274414,0.5887896219889323,0.5819384892781575,0.5759437561035157,0.5947843551635742,0.5905024210611979,0.5853640874226888,0.5802256902058919,0.7943910951967592,0.814183270489728,0.8370203653971354,0.8629023799189814,0.887261962890625,0.8644248679832176,0.8933518586335358,0.9116215458622684,0.9253237688982928,0.8674697875976562,0.8963967782479746,0.9116215458622684,0.9238012808340568,0.8674697875976562,0.8918293705692998,0.9040091620551216,0.9146664654767072,0.8659473560474537,0.8842169867621528,0.8933518586335358,0.9009641859266492,0.4856509566307068,0.495690256357193,0.5015754103660583,0.5075411796569824,0.4758767783641815,0.4700508415699005,0.46353670954704285,0.5168598294258118,0.4537402391433716,0.49886876344680786,0.4721969962120056,0.568717896938324,0.40698540210723877,0.5885207056999207,0.3858864903450012,0.5895980000495911,0.3824562132358551,0.5930997133255005,0.37982335686683655,0.5807704329490662,0.3953802287578583,0.5744480490684509,0.4012462794780731,0.5376307368278503,0.4383142292499542,0.5417723059654236,0.4420119822025299,0.5329477190971375,0.4395170211791992,0.5329295992851257,0.44019240140914917,0.5137535333633423,0.4499553442001343,0.20348811149597168,0.17572224140167236,0.17698901891708374,0.17939072847366333,0.17702513933181763,0.17856049537658691,0.18104201555252075,0.19985747337341309,0.20011276006698608,0.2374458909034729,0.23574888706207275,0.3795975148677826,0.3792949616909027,0.6025448441505432,0.6104482412338257,0.7924697995185852,0.7955725193023682,0.849216103553772,0.8649216294288635,0.8509796857833862,0.8597568273544312,0.8309419751167297,0.8345403671264648,0.8137689232826233,0.8175408840179443,1.1221997737884521,1.1064058542251587,1.3935118913650513,1.392646312713623,1.4266324043273926,1.4331085681915283,1.4974949359893799,1.4897804260253906
0.3780889511108398,0.3909356435139974,0.4029258728027344,0.4054951985677083,0.4106338500976562,0.3909356435139974,0.3960742950439453,0.4003565152486165,0.4046387354532877,0.3815147399902344,0.3892227490743001,0.3952178637186686,0.4003565152486165,0.3763760566711426,0.3832276344299316,0.3892227490743001,0.394361400604248,0.3729502995808919,0.3780889511108398,0.3832276344299316,0.3883662859598795,0.8005058571144387,0.8202992192021122,0.8400926378038195,0.8674988358109086,0.8903374000831886,0.8720665825737848,0.8979502360026042,0.916221053512008,0.9299241807725694,0.8766342728226273,0.90404052734375,0.919266199182581,0.934491871021412,0.8766342728226273,0.8994727805808739,0.9116533632631656,0.922311344853154,0.8735891271520544,0.8903374000831886,0.8994727805808739,0.9070856165002894,0.5879179636637369,0.5776405970255534,0.5682197570800781,0.566506830851237,0.5639375050862631,0.5827793121337891,0.5784970601399739,0.5742148081461589,0.5690761566162109,0.5913437525431315,0.585348637898763,0.5784970601399739,0.5716454823811848,0.5939130783081055,0.5887744267781575,0.5819228490193685,0.575927734375,0.594769541422526,0.590487289428711,0.585348637898763,0.5802099227905273,0.7944155657732929,0.8142089278609664,0.8370474921332465,0.862931145562066,0.8872922544126157,0.8659762912326389,0.8933825457537615,0.9116533632631656,0.9253564905237268,0.8674988358109086,0.896427634910301,0.9116533632631656,0.9238338894314236,0.8690214369032118,0.8918599446614583,0.90404052734375,0.9146985089337384,0.8659762912326389,0.8842471087420428,0.8933825457537615,0.900995381673177,0.485265851020813,0.4958941638469696,0.5018506646156311,0.5075872540473938,0.47587916254997253,0.470030814409256,0.4635303318500519,0.5173186659812927,0.4540937542915344,0.49867045879364014,0.47220534086227417,0.5686773657798767,0.40701574087142944,0.5881823897361755,0.38563984632492065,0.5894080996513367,0.3824494481086731,0.592456042766571,0.3797832727432251,0.5806121826171875,0.39449232816696167,0.5744587779045105,0.40105804800987244,0.5372172594070435,0.4361054301261902,0.5412928462028503,0.438763827085495,0.5292245745658875,0.4305860102176666,0.528500497341156,0.43030065298080444,0.5099231600761414,0.44080033898353577,0.20297706127166748,0.17619839310646057,0.17782682180404663,0.1801946461200714,0.1769738346338272,0.17847780883312225,0.18082495033740997,0.2004394382238388,0.19974127411842346,0.2365959733724594,0.23396596312522888,0.37958747148513794,0.37943950295448303,0.6014356017112732,0.6085334420204163,0.7923903465270996,0.7955948710441589,0.8515477776527405,0.8646743297576904,0.8527420163154602,0.8595058917999268,0.8324154019355774,0.8349165916442871,0.8311289548873901,0.8300389051437378,1.1570873260498047,1.1072943210601807,1.4363309144973755,1.4162325859069824,1.4711730480194092,1.4604098796844482,1.5395605564117432,1.51971435546875
0.378134282430013,0.390977923075358,0.4029652913411458,0.4055340449015299,0.4106714884440104,0.390977923075358,0.3961153666178385,0.4003965695699056,0.4046778043111165,0.3815592765808105,0.3892654418945312,0.3952591260274251,0.4003965695699056,0.3764218012491861,0.3832717577616373,0.3892654418945312,0.3944028854370117,0.3729968388875325,0.378134282430013,0.3832717577616373,0.3884092013041178,0.801975335015191,0.820241857458044,0.8400305288809317,0.8674302842881945,0.8902634232132524,0.8735191062644676,0.8978744506835937,0.9161409166124131,0.9298408225730612,0.8765635172526042,0.9039632726598668,0.9191853276005496,0.9344074390552662,0.8765635172526042,0.8993966561776621,0.9115743001302083,0.9222297385886864,0.8735191062644676,0.8902634232132524,0.8993966561776621,0.9070076836480034,0.5879135131835938,0.5784948348999024,0.5690762201944987,0.5673637390136719,0.5639387766520182,0.5836323420206706,0.5793511072794596,0.5742136637369791,0.5690762201944987,0.5913384755452474,0.5853448232014974,0.5784948348999024,0.571644910176595,0.5939072291056315,0.5887697855631511,0.5819198608398437,0.575926144917806,0.594763437906901,0.5904822667439779,0.5853448232014974,0.5802073796590169,0.7943643075448495,0.8141530354817709,0.8369861178927951,0.8628636678059896,0.8872190122251158,0.8659080787941261,0.8933078342013889,0.9115743001302083,0.925274149576823,0.8674302842881945,0.8963522451895255,0.9115743001302083,0.9237519440827546,0.8689524897822627,0.8917856287073206,0.9039632726598668,0.9146187111183448,0.8674302842881945,0.8841745447229457,0.8933078342013889,0.9024410671657986,0.48489224910736084,0.49608466029167175,0.5021253228187561,0.5076647400856018,0.4758794903755188,0.4699881970882416,0.4635024964809418,0.5176799297332764,0.454272598028183,0.498426616191864,0.47219279408454895,0.5685957670211792,0.40705692768096924,0.5880556702613831,0.38544315099716187,0.5893317461013794,0.38243311643600464,0.592240035533905,0.37976330518722534,0.5804308652877808,0.3939908444881439,0.574461042881012,0.4009310007095337,0.5371179580688477,0.43556496500968933,0.5412328839302063,0.4376475214958191,0.528644323348999,0.4278956651687622,0.5279067158699036,0.4272623658180237,0.5094143152236938,0.438806414604187,0.2029687613248825,0.1777714043855667,0.17975975573062897,0.18184155225753784,0.1773132085800171,0.17870309948921204,0.18085475265979767,0.20184467732906342,0.19970186054706573,0.23659665882587433,0.23363173007965088,0.37955018877983093,0.3795616030693054,0.6001535654067993,0.6069892048835754,0.7919257283210754,0.7959159016609192,0.8518444895744324,0.8646731376647949,0.853054940700531,0.8595009446144104,0.8327282071113586,0.8356039524078369,0.8404566049575806,0.8389320969581604,1.1677179336547852,1.1110318899154663,1.4501067399978638,1.430009126663208,1.485158085823059,1.4745690822601318,1.5537010431289673,1.5352014303207397
0.378158156077067,0.3909849166870117,0.4029565175374349,0.4055218696594238,0.4106525739034017,0.3909849166870117,0.3961155891418457,0.4003911972045898,0.4046667734781901,0.3815786361694336,0.3884195645650228,0.395260492960612,0.3995360692342122,0.3764479319254557,0.3832888603210449,0.3892746607462565,0.3944053649902344,0.3730274836222331,0.378158156077067,0.3824337323506673,0.3875644365946452,0.8012697573061343,0.8195122612847222,0.8392749362521701,0.8666386357060185,0.8894417091652199,0.8711992617006655,0.8985629611545138,0.9152852376302084,0.9289671156141494,0.8757598876953125,0.9031235871491607,0.9198458636248552,0.9335277416087964,0.8757598876953125,0.9000831886574074,0.9122448391384548,0.9228862621166088,0.8742396601924189,0.8909619366681134,0.9000831886574074,0.907684213143808,0.5885167439778646,0.5782553354899088,0.5688490549723307,0.5671387990315755,0.5645734786987304,0.5833860397338867,0.5791104634602865,0.5748348236083984,0.5697041829427083,0.5919371922810872,0.5859513600667318,0.5791104634602865,0.5722695032755534,0.5945025126139323,0.5885167439778646,0.5816757837931316,0.5765450795491537,0.5953576405843098,0.5910820643107096,0.5859513600667318,0.5799655278523763,0.7936687328197338,0.8149516352900752,0.8377547087492766,0.8635982372142651,0.88792153817636,0.865118408203125,0.8940023351598669,0.9122448391384548,0.9259267171223958,0.868158863208912,0.8970427901656539,0.9122448391384548,0.9244064896195024,0.868158863208912,0.8924821641710069,0.9046438146520543,0.9152852376302084,0.8666386357060185,0.883360912181713,0.8924821641710069,0.9016034161603008,0.48439109325408936,0.49609097838401794,0.5022213459014893,0.5076656937599182,0.47582942247390747,0.4698931872844696,0.46344366669654846,0.5177614092826843,0.45441675186157227,0.49786576628685,0.4721398651599884,0.5685726404190063,0.4071379601955414,0.5877450704574585,0.3853490650653839,0.5892970561981201,0.38243353366851807,0.591949999332428,0.3797799050807953,0.5803607106208801,0.39393284916877747,0.5745289921760559,0.40093061327934265,0.5370309948921204,0.43540993332862854,0.541274905204773,0.4369332492351532,0.527305006980896,0.42785003781318665,0.5258577466011047,0.4272781312465668,0.5089987516403198,0.43909528851509094,0.20296800136566162,0.1788506954908371,0.1809474229812622,0.18290692567825317,0.17768217623233795,0.17896637320518494,0.18090103566646576,0.20279870927333832,0.19959108531475067,0.23659880459308624,0.23338034749031067,0.37959590554237366,0.37955302000045776,0.5999348163604736,0.6057537198066711,0.7916841506958008,0.7961104512214661,0.8521311283111572,0.8647814989089966,0.8532726764678955,0.8595629334449768,0.8329797983169556,0.836150586605072,0.8431323170661926,0.8416041135787964,1.1715935468673706,1.1131547689437866,1.4550291299819946,1.4336427450180054,1.4897093772888184,1.4781713485717773,1.5609421730041504,1.539183259010315
0.3782249450683593,0.3910430272420247,0.4021520296732584,0.4055701891581217,0.4106973965962728,0.3910430272420247,0.3961702346801757,0.4004429499308268,0.4038611094156901,0.3816430727640788,0.3884793917338053,0.3953157107035319,0.399588394165039,0.3765158653259277,0.3833521525065104,0.3893339474995931,0.3944611549377441,0.3730977058410644,0.3782249450683593,0.3824976285298665,0.3876248677571615,0.8010942247178819,0.8193244086371527,0.8390737462926794,0.866418965657552,0.8907258775499132,0.8724956936306424,0.8983217592592593,0.9150327329282408,0.928705342610677,0.8770532113534433,0.9043984872323496,0.9195903071650752,0.9332629168475116,0.8770532113534433,0.8998409695095486,0.9119943689416956,0.9226286711516204,0.8740149038809317,0.8907258775499132,0.8998409695095486,0.9074368512188948,0.588441530863444,0.5781870524088542,0.5687871297200521,0.5679325739542643,0.5645144144694011,0.584168815612793,0.5798961003621419,0.5747688929239909,0.5696416854858398,0.5918596903483073,0.5858779271443685,0.5790416081746419,0.5722052892049153,0.5944232940673828,0.5892960866292317,0.5824597676595052,0.5764780044555664,0.5961323420206706,0.5910051345825196,0.5858779271443685,0.5798961003621419,0.7934983430085358,0.8147668344003183,0.83755453604239,0.8648998119212963,0.8876875135633681,0.8648998119212963,0.8937642415364583,0.9119943689416956,0.9256670351381656,0.8679381759078414,0.8968026055230035,0.9119943689416956,0.9241478248878762,0.8679381759078414,0.8922450312861689,0.9043984872323496,0.9150327329282408,0.866418965657552,0.8831299393265336,0.8937642415364583,0.9013601232458044,0.4841407537460327,0.4960947036743164,0.5023003816604614,0.5076653361320496,0.47577208280563354,0.46981877088546753,0.46340054273605347,0.5178226232528687,0.45450717210769653,0.49759453535079956,0.4721391797065735,0.5684897303581238,0.4072260856628418,0.5874227285385132,0.38532382249832153,0.5892829298973083,0.3824784457683563,0.5917415618896484,0.3798084855079651,0.5803586840629578,0.3939337730407715,0.5747334957122803,0.4010181128978729,0.5367658138275146,0.4350530505180359,0.5412755608558655,0.4368002116680145,0.526909589767456,0.4267534613609314,0.5255869626998901,0.42605069279670715,0.5076720118522644,0.43771323561668396,0.20317986607551575,0.18022224307060242,0.1821109801530838,0.18382886052131653,0.17901718616485596,0.1801716387271881,0.1815938949584961,0.20369426906108856,0.19960898160934448,0.23665247857570648,0.23337724804878235,0.37958645820617676,0.3794100880622864,0.5995972156524658,0.604207456111908,0.7916582822799683,0.7962858080863953,0.8523842096328735,0.8648371696472168,0.8534482717514038,0.8595719933509827,0.8332460522651672,0.8364500999450684,0.8435134887695312,0.8419481515884399,1.1716691255569458,1.113520860671997,1.456830620765686,1.4339243173599243,1.4908859729766846,1.4785369634628296,1.5640404224395752,1.5388662815093994
0.3782815297444661,0.3910972595214844,0.4022042274475098,0.4056217829386393,0.4107480684916178,0.3910972595214844,0.3962235768636067,0.4004954655965169,0.4039129892985026,0.3816990534464518,0.388534132639567,0.3953691800435384,0.3996411005655924,0.3765727678934733,0.3834078152974446,0.3893884976704915,0.39451478322347,0.3731552441914876,0.3782815297444661,0.3825534502665201,0.3876797358194987,0.8012098524305555,0.819436702021846,0.840701350459346,0.8665226689091435,0.890825116192853,0.8725982666015625,0.89841958505136,0.9166464346426504,0.93031655770761,0.8771549931278935,0.9044952392578124,0.9212031611689816,0.9333543565538196,0.8771549931278935,0.8999385127314815,0.913608635796441,0.924240960015191,0.874117194281684,0.890825116192853,0.9014573838975696,0.90905190927011,0.588459587097168,0.5782070159912109,0.5688088099161784,0.5679544448852539,0.5645369211832683,0.5841876983642578,0.5799158096313477,0.5747894922892253,0.5705176035563151,0.5918771107991536,0.5858964284261068,0.5790613810221354,0.5722263336181641,0.5944402694702149,0.5893140157063802,0.5824789047241211,0.5764982223510742,0.595294698079427,0.5910227457682292,0.5858964284261068,0.5799158096313477,0.7951342547381366,0.814879975495515,0.837663495099103,0.865003741229022,0.8877873173466435,0.865003741229022,0.8938629150390625,0.9120897081163194,0.9257598311812788,0.8680415400752315,0.896900713885272,0.9120897081163194,0.924240960015191,0.869560467755353,0.8923439873589409,0.9060141104239005,0.9166464346426504,0.8665226689091435,0.8847494619864005,0.8938629150390625,0.902976311577691,0.4838520288467407,0.4960668981075287,0.5023291110992432,0.5076427459716797,0.47562330961227417,0.46966657042503357,0.4632766544818878,0.5178314447402954,0.4545438885688782,0.49734729528427124,0.4721277058124542,0.5684874057769775,0.40731021761894226,0.5871473550796509,0.3853178918361664,0.5892458558082581,0.38252201676368713,0.5916297435760498,0.3798304498195648,0.5803462862968445,0.39392128586769104,0.5747759938240051,0.40104028582572937,0.5364220142364502,0.4348854720592499,0.5411055684089661,0.436288058757782,0.5267069935798645,0.42607223987579346,0.5254209041595459,0.425224632024765,0.5076979994773865,0.4377950131893158,0.20324519276618958,0.18083231151103973,0.1825857162475586,0.18417619168758392,0.17980864644050598,0.18090543150901794,0.18204645812511444,0.20388874411582947,0.19961419701576233,0.23664923012256622,0.2333579808473587,0.37956780195236206,0.3793100416660309,0.5995107293128967,0.6029155254364014,0.7916111946105957,0.7964349389076233,0.8524114489555359,0.8648857474327087,0.8534793257713318,0.8596107363700867,0.8333756923675537,0.8367676734924316,0.8454878926277161,0.8431878685951233,1.1718199253082275,1.1142239570617676,1.4569209814071655,1.4368932247161865,1.491733431816101,1.4817849397659302,1.5632373094558716,1.543169379234314
0.3783360163370768,0.3911457379659017,0.4022474924723307,0.4056634267171224,0.4107873280843099,0.3911457379659017,0.3962696393330892,0.4005395571390788,0.4039554595947265,0.3817519505818685,0.3885837872823079,0.3954156557718912,0.3996855735778808,0.376628049214681,0.3834598859151204,0.3894377708435058,0.3945616722106934,0.3732121149698893,0.3783360163370768,0.3826059023539225,0.3885837872823079,0.801275126139323,0.8194934421115452,0.8407480875651042,0.8680755050094039,0.8908483999746817,0.8726300840024594,0.898439308449074,0.9166576244212964,0.9303213048864294,0.877184662995515,0.9045120804398148,0.9212122034143518,0.9333576908817998,0.877184662995515,0.8999575014467592,0.913621238425926,0.9242485894097222,0.8741482770001446,0.8908483999746817,0.9014756944444444,0.9090666594328703,0.5884155909220378,0.5781678517659505,0.5687740325927735,0.5679200490315756,0.5645041147867839,0.5841456731160481,0.5798758188883464,0.5747519175211588,0.5704819997151692,0.5918315251668295,0.585853640238444,0.5790218353271485,0.5721899668375651,0.5943934758504231,0.5892695744832357,0.5824377059936523,0.5764598846435547,0.595247459411621,0.5909775416056315,0.585853640238444,0.5798758188883464,0.7952023541485822,0.8149388631184896,0.8377117015697338,0.8650391190140335,0.8878120139793113,0.8665573120117187,0.8938847294560185,0.913621238425926,0.9257667258933738,0.8695936980070891,0.8969211154513889,0.913621238425926,0.9242485894097222,0.8695936980070891,0.8923665364583333,0.9060302734375,0.9166576244212964,0.8680755050094039,0.8847756279839409,0.8954029224537037,0.9029938874421296,0.48338574171066284,0.4958251714706421,0.5023236870765686,0.5074889659881592,0.4752521216869354,0.46931153535842896,0.4629170000553131,0.5176390409469604,0.4545465111732483,0.4970133602619171,0.4720829725265503,0.5684868097305298,0.40743786096572876,0.587049663066864,0.38514694571495056,0.5892416834831238,0.3825173079967499,0.5916267037391663,0.379823237657547,0.5803462862968445,0.3938674032688141,0.5748249888420105,0.4010372757911682,0.5361729264259338,0.43455007672309875,0.5418342351913452,0.4363807439804077,0.5268225073814392,0.42657944560050964,0.5254520177841187,0.4258073568344116,0.5079761743545532,0.4379849433898926,0.2034992128610611,0.1812824308872223,0.18285146355628967,0.18430817127227783,0.18065471947193146,0.18168340623378754,0.1826390027999878,0.20388519763946533,0.19967614114284515,0.23667187988758087,0.23340556025505066,0.3795797526836395,0.37927716970443726,0.5995191931724548,0.6023775339126587,0.7914457321166992,0.7964405417442322,0.8522263169288635,0.8648414611816406,0.8531580567359924,0.8594914674758911,0.8332659602165222,0.8367438912391663,0.846705436706543,0.8436691761016846,1.1745615005493164,1.1160129308700562,1.4575135707855225,1.4380874633789062,1.4912627935409546,1.4825834035873413,1.5633872747421265,1.5428009033203125
0.3782963752746582,0.3911123275756836,0.4022194862365723,0.4056371053059895,0.4107634862263997,0.3911123275756836,0.3962387084960937,0.4005106925964355,0.4039283116658528,0.382568359375,0.3894035339355469,0.3953843116760254,0.3996562957763672,0.3765875816345215,0.3834227561950684,0.3894035339355469,0.394529914855957,0.373169994354248,0.3782963752746582,0.3834227561950684,0.3885491371154785,0.7996749312789352,0.819420991120515,0.8406859786422164,0.8680267333984375,0.8908106486002604,0.8741024441189236,0.8999242146809896,0.91663247567636,0.9303028247974536,0.8786592271592882,0.9044809977213542,0.9211892587167244,0.9348596078378184,0.8771402994791667,0.9014431423611112,0.9135946203161168,0.9242271140769676,0.8741024441189236,0.8908106486002604,0.9014431423611112,0.9090377807617188,0.5884782155354817,0.5782253901163737,0.5688270568847656,0.5679726282755534,0.56455504099528,0.5842061996459961,0.5790798187255859,0.5748078028361002,0.5705358505249023,0.5918958028157552,0.5859149932861328,0.5790798187255859,0.5722446441650391,0.5944589614868164,0.5893325805664062,0.5824974060058594,0.576516596476237,0.5953133900960287,0.591041374206543,0.5859149932861328,0.5799341837565104,0.7935992205584491,0.8148642080801505,0.8376481232819734,0.8649888780381945,0.8877727932400173,0.866507805718316,0.8938485039605035,0.9120756926359954,0.9242271140769676,0.869545661078559,0.8968863593207466,0.9120756926359954,0.9242271140769676,0.869545661078559,0.8923295762803819,0.9059999254014756,0.91663247567636,0.8680267333984375,0.8847349378797743,0.895367431640625,0.9029620700412326,0.4828910231590271,0.49550434947013855,0.5022919178009033,0.5073027014732361,0.47484689950942993,0.4689891040325165,0.46259865164756775,0.5172878503799438,0.45454952120780945,0.49667465686798096,0.4720155894756317,0.5684393048286438,0.4075606167316437,0.5869714617729187,0.3850551247596741,0.589221179485321,0.3825240433216095,0.5916215777397156,0.37983015179634094,0.5803459882736206,0.3938461244106293,0.5748481154441833,0.4010383188724518,0.5357717275619507,0.4341934025287628,0.5417578220367432,0.43638476729393005,0.5267952680587769,0.42691028118133545,0.5254160165786743,0.4262315332889557,0.5081678628921509,0.43814244866371155,0.20386548340320587,0.18176224827766418,0.1831304281949997,0.18443650007247925,0.1815696507692337,0.18250910937786102,0.18334488570690155,0.20385515689849854,0.19977805018424988,0.23668541014194489,0.23347888886928558,0.3796450197696686,0.3792254626750946,0.599517285823822,0.6016810536384583,0.7911742329597473,0.7964830994606018,0.8519964814186096,0.8648408651351929,0.8529108166694641,0.8594583868980408,0.8331400752067566,0.836746096611023,0.8461475372314453,0.8433800339698792,1.1761565208435059,1.1189106702804565,1.4582245349884033,1.4402679204940796,1.49138605594635,1.4846159219741821,1.5658873319625854,1.545134425163269
0.3783052126566569,0.3902686436971028,0.4022320747375488,0.4056501706441243,0.4107773780822754,0.3911231676737467,0.3962503433227539,0.4005229949951172,0.4039411226908366,0.3825778643290202,0.389414119720459,0.39539581934611,0.3996684710184733,0.3765961647033691,0.383432388305664,0.3902686436971028,0.3945412953694661,0.3731780370076497,0.3783052126566569,0.383432388305664,0.3885595639546712,0.799553539134838,0.8193027072482639,0.840570972583912,0.8679159658926504,0.8907034414785879,0.8739926373517072,0.8998184204101562,0.916529224537037,0.9302017211914062,0.8785500985604745,0.9058950918692128,0.921086742259838,0.9347592389142072,0.8785500985604745,0.901337574146412,0.9150100708007812,0.9256442034686052,0.875511791087963,0.8922225952148437,0.901337574146412,0.9089333993417246,0.5876651128133138,0.5782653172810872,0.5688654581705729,0.5680109659830729,0.5645928064982096,0.5842470169067383,0.5791198094685872,0.574847157796224,0.5705745061238606,0.591083272298177,0.585956064860026,0.5791198094685872,0.5722835540771485,0.5945013682047526,0.5893741607666015,0.5816834131876628,0.5765562057495117,0.5953559239705404,0.591083272298177,0.585956064860026,0.579974365234375,0.7949960214120371,0.8147451895254629,0.8375326651114005,0.8648776584201389,0.8876651340060764,0.8663968121563946,0.8937417489510996,0.9119717633282696,0.9241250497323495,0.8694351196289063,0.8967801129376447,0.9134909170645256,0.9241250497323495,0.8694351196289063,0.8937417489510996,0.9058950918692128,0.916529224537037,0.8679159658926504,0.8846267700195313,0.8952609592013889,0.9043759381329572,0.4824492633342743,0.4951282739639282,0.5022178292274475,0.5070717930793762,0.4744665026664734,0.4686659276485443,0.46229374408721924,0.5168129205703735,0.45455190539360046,0.49642130732536316,0.47192201018333435,0.5683887600898743,0.4076398015022278,0.5869526267051697,0.3848820924758911,0.5892094969749451,0.3825216591358185,0.5916076302528381,0.37984609603881836,0.5803449153900146,0.39384394884109497,0.5748774409294128,0.4010430872440338,0.5355195999145508,0.43397727608680725,0.5417519211769104,0.43632322549819946,0.5266827344894409,0.4270856976509094,0.5252568125724792,0.4264756143093109,0.5082047581672668,0.43828460574150085,0.20413969457149506,0.18205036222934723,0.18327786028385162,0.1844787746667862,0.1822662204504013,0.18315835297107697,0.18394102156162262,0.2038068324327469,0.1998942792415619,0.23668807744979858,0.23352006077766418,0.3797593116760254,0.3792252242565155,0.599517822265625,0.6013746857643127,0.790905773639679,0.7964898943901062,0.8518272638320923,0.8648414611816406,0.8527472615242004,0.8594123125076294,0.8330244421958923,0.8367140293121338,0.8478802442550659,0.8451688885688782,1.1799196004867554,1.1217880249023438,1.4609934091567993,1.4430460929870605,1.4942022562026978,1.487421989440918,1.5679069757461548,1.5480579137802124
0.37823699315389,0.3910532315572103,0.40216064453125,0.4055783271789551,0.4107048352559407,0.3910532315572103,0.3961797396341959,0.4004518191019694,0.4038695017496744,0.3825090726216634,0.3893444061279297,0.3953253110249837,0.3995973904927571,0.3765281359354654,0.3833634694417318,0.390198802947998,0.3944709142049153,0.3731104850769043,0.37823699315389,0.3833634694417318,0.3884899775187174,0.7995639942310474,0.8193105061848959,0.8405760023328993,0.8679173222294561,0.890701746057581,0.8739931459780093,0.8998155381944445,0.9165241382740162,0.9301948264793112,0.8785500420464409,0.9058914184570312,0.921081034342448,0.9347517225477432,0.8785500420464409,0.9013345223885996,0.9134862263997396,0.9256379304108796,0.8755121301721643,0.8922207302517361,0.9013345223885996,0.9089293303313078,0.5875691095987956,0.5781705220540364,0.5687719345092773,0.5679175059000651,0.5644998550415039,0.5841514587402343,0.5790249506632487,0.5747528711954752,0.5704807917277018,0.5909867604573568,0.5858602523803711,0.5790249506632487,0.5721895853678386,0.5944044748942058,0.58927796681722,0.5815881729125977,0.576461664835612,0.5952588399251302,0.5909867604573568,0.5858602523803711,0.5798793792724609,0.7934881139684606,0.8147536101164641,0.8375380339445891,0.8648794103551793,0.8876638341833044,0.866398338035301,0.8937397144458912,0.9119672422055844,0.9241189462167244,0.8694363064236111,0.898296610514323,0.9134862263997396,0.9241189462167244,0.8694363064236111,0.8937397144458912,0.9058914184570312,0.9165241382740162,0.8679173222294561,0.8846259223090278,0.8952586421260127,0.9043724342628762,0.48226431012153625,0.4949716031551361,0.5022005438804626,0.5069840550422668,0.47421443462371826,0.46846383810043335,0.46209093928337097,0.5166224837303162,0.4545537531375885,0.4963679015636444,0.471877783536911,0.5683424472808838,0.40771809220314026,0.5868104696273804,0.3847537934780121,0.5891905426979065,0.3825018107891083,0.5915958285331726,0.3798489570617676,0.5803284049034119,0.3938361704349518,0.5748814344406128,0.4010469317436218,0.5353377461433411,0.4339678883552551,0.5422658920288086,0.43649256229400635,0.528052806854248,0.4271823763847351,0.5266525745391846,0.4266696274280548,0.510791003704071,0.4391932785511017,0.20429213345050812,0.1822417974472046,0.18335454165935516,0.18448755145072937,0.18268650770187378,0.18354204297065735,0.18428151309490204,0.2036423236131668,0.19995620846748352,0.23667924106121063,0.23353871703147888,0.3797556459903717,0.37921565771102905,0.5995135307312012,0.601058304309845,0.7907804250717163,0.7966765761375427,0.8515594005584717,0.8650113940238953,0.8524901270866394,0.8594866394996643,0.8328620195388794,0.8368440866470337,0.8476361036300659,0.8451358079910278,1.178134799003601,1.1223055124282837,1.4643497467041016,1.4433754682540894,1.498481273651123,1.4876155853271484,1.5712889432907104,1.5474666357040405
0.3781914075215657,0.3910084088643392,0.4021164576212565,0.4055343310038248,0.4106611251831055,0.3910084088643392,0.3961352030436197,0.4004075368245443,0.4038254102071126,0.3824637413024902,0.3892994880676269,0.3952807426452637,0.3995530764261881,0.3764824867248535,0.3833182017008463,0.390153948465983,0.3944262822469075,0.3730646133422851,0.3781914075215657,0.3833182017008463,0.3884449958801269,0.8010942247178819,0.8193228262442129,0.8405895657009549,0.8679324679904514,0.8907182481553819,0.8740086873372396,0.8998325489185475,0.9165421097366898,0.9302135326244212,0.8785658094618055,0.905908711751302,0.9210992318612558,0.9347707112630208,0.8785658094618055,0.901351589626736,0.913503971806279,0.9256564104998554,0.8755277280454282,0.8922372888635706,0.901351589626736,0.9089468496817128,0.5875356038411458,0.5781365076700846,0.5687373479207357,0.5678829193115235,0.5644650141398112,0.5832632700602214,0.5789909362792969,0.5747186024983724,0.570446268717448,0.590953509012858,0.5858266830444336,0.5789909362792969,0.572155253092448,0.5935168584187825,0.5883900960286458,0.5815543492635091,0.5764275868733724,0.5952258427937825,0.590953509012858,0.5858266830444336,0.5798454284667969,0.793498964662905,0.814765704119647,0.837551427770544,0.864894386574074,0.8876801102249711,0.8664134272822628,0.8937563295717592,0.9119849310980904,0.9256564104998554,0.8694515086986401,0.8983134516963253,0.913503971806279,0.9241373697916668,0.8694515086986401,0.8937563295717592,0.905908711751302,0.9165421097366898,0.8679324679904514,0.8846420288085938,0.895275370279948,0.9028706303349248,0.4820754826068878,0.4948461353778839,0.502185046672821,0.506904661655426,0.47402626276016235,0.46827268600463867,0.46188703179359436,0.5164409875869751,0.45454734563827515,0.4963094890117645,0.47183096408843994,0.5682140588760376,0.40774935483932495,0.5866121649742126,0.3845936954021454,0.5891870856285095,0.382485955953598,0.5915994644165039,0.37984853982925415,0.5803231000900269,0.3938092887401581,0.5748959183692932,0.4010442793369293,0.5351112484931946,0.43391120433807373,0.5424083471298218,0.4363817870616913,0.52850741147995,0.42732933163642883,0.5272143483161926,0.4269145429134369,0.5113431215286255,0.439471572637558,0.2045094072818756,0.1824493259191513,0.183466836810112,0.1845221370458603,0.18299661576747894,0.18380405008792877,0.1845121681690216,0.20356246829032898,0.20000045001506805,0.2367165982723236,0.23359940946102142,0.379777193069458,0.37921836972236633,0.5994523763656616,0.6007652878761292,0.7902334332466125,0.796733021736145,0.8505584001541138,0.8650133013725281,0.8514400124549866,0.8594865798950195,0.8319574594497681,0.8368517756462097,0.8475222587585449,0.8451535105705261,1.1771347522735596,1.1228708028793335,1.4642020463943481,1.4431359767913818,1.4981735944747925,1.486953854560852,1.5718967914581299,1.5482150316238403
0.3790584246317545,0.3910147666931152,0.4021170616149902,0.4055331865946451,0.4106573104858398,0.3910147666931152,0.3961388905843099,0.4004090309143066,0.4038251241048177,0.3824745178222656,0.3893067042032878,0.3952848752339681,0.3995550155639648,0.3773503621419271,0.3833285331726074,0.3901607513427734,0.3944308598836263,0.3730802536010742,0.3782044092814127,0.3833285331726074,0.388452688852946,0.7996379711009838,0.8193753842954282,0.840631103515625,0.8679598772967303,0.8907339025426794,0.8740329883716724,0.8998434561270254,0.9165443702980324,0.9302087854456018,0.8785877369068287,0.905916510687934,0.9210991753472222,0.9347635904947916,0.8785877369068287,0.9013617621527776,0.9135078712745948,0.925653980396412,0.8755512378833912,0.8922521520543981,0.9013617621527776,0.9089530662254052,0.5874403635660808,0.5780460993448894,0.5686518351236979,0.5677977879842122,0.5643816630045573,0.5831702550252279,0.5789000829060872,0.5746299743652343,0.5695058186848958,0.590856424967448,0.5857322692871094,0.5780460993448894,0.5720678965250651,0.5934185028076172,0.5882943471272787,0.5814621607462566,0.57548402150472,0.5951265970865885,0.590856424967448,0.5857322692871094,0.579754130045573,0.795083166051794,0.814820635760272,0.8375946044921875,0.8649233782732928,0.8876973470052083,0.8664416277850115,0.8952886510778356,0.9135078712745948,0.925653980396412,0.8694781833224826,0.8983252066153067,0.9135078712745948,0.9241357308846933,0.8694781833224826,0.8937704015661169,0.905916510687934,0.9165443702980324,0.8679598772967303,0.8846608479817708,0.8952886510778356,0.9028800116644964,0.48185721039772034,0.49471065402030945,0.5021591782569885,0.5068227052688599,0.47383785247802734,0.468058317899704,0.4616643190383911,0.5162898302078247,0.45454105734825134,0.49623027443885803,0.4717217683792114,0.568172812461853,0.4077571928501129,0.5865097641944885,0.38447970151901245,0.5891802310943604,0.38247185945510864,0.5916005373001099,0.37984907627105713,0.5802797675132751,0.39379510283470154,0.5748847126960754,0.40104353427886963,0.5350725054740906,0.43388980627059937,0.5423876643180847,0.4364037811756134,0.5287019610404968,0.42761287093162537,0.5278061628341675,0.4272095263004303,0.5111623406410217,0.4400910437107086,0.20463912189006805,0.18253213167190552,0.18350933492183685,0.1845298558473587,0.18317760527133942,0.18396799266338348,0.18468716740608215,0.20343662798404694,0.20006243884563446,0.23673982918262482,0.23364762961864471,0.3797895610332489,0.37921667098999023,0.59931880235672,0.6007693409919739,0.7895506024360657,0.7968209981918335,0.8497688174247742,0.8650169968605042,0.8504963517189026,0.8594856262207031,0.8310969471931458,0.8368562459945679,0.8479068875312805,0.8456225395202637,1.1775450706481934,1.124350905418396,1.4648926258087158,1.444810390472412,1.4982420206069946,1.4883302450180054,1.573141098022461,1.5500974655151367
0.3790085792541504,0.3909674326578776,0.4020720481872558,0.4054888725280762,0.4106140772501627,0.3909674326578776,0.3960926373799642,0.4003636360168457,0.403780460357666,0.3824254035949707,0.3892590204874674,0.3952384312947591,0.3995094617207845,0.3773001670837402,0.384133783976237,0.3901132265726725,0.394384225209554,0.3738833745320638,0.3781543731689453,0.3832796096801757,0.3884048144022624,0.8011449743200232,0.8193679809570312,0.8406281647858797,0.867962646484375,0.8907413623951099,0.874036944354022,0.8998528939706308,0.9165573120117188,0.9302245528609664,0.8785927101417824,0.9059271918402778,0.9211130212854456,0.9347802621346932,0.8785927101417824,0.901371482566551,0.9135201348198784,0.925668787073206,0.8755555329499422,0.8922599509910301,0.901371482566551,0.908964369032118,0.5874340693155925,0.5780378341674804,0.5686415990193685,0.5677874247233073,0.564370600382487,0.583163070678711,0.5788920084635417,0.5746210098266602,0.5694957733154297,0.5908508936564127,0.5857256571451823,0.5780378341674804,0.5720584233601888,0.5934134801228841,0.5882882436116537,0.5814546585083008,0.5754752477010091,0.5951218922932943,0.5908508936564127,0.5857256571451823,0.5797462463378906,0.7950706764503762,0.8148122716833044,0.8375909875940394,0.8649254692925348,0.8877042417173032,0.8664440578884549,0.8937785395869502,0.9135201348198784,0.925668787073206,0.8694812350802952,0.8983343053747106,0.9135201348198784,0.924150198477286,0.8694812350802952,0.8937785395869502,0.9059271918402778,0.9165573120117188,0.867962646484375,0.884667064525463,0.8952971281828703,0.9028900146484377,0.48180803656578064,0.49466532468795776,0.5021528601646423,0.5067803859710693,0.4737635552883148,0.46797841787338257,0.4615723490715027,0.5161741971969604,0.4545357823371887,0.49621763825416565,0.471713662147522,0.5680215954780579,0.40776318311691284,0.586425244808197,0.3844039738178253,0.5891765356063843,0.38245487213134766,0.5915995240211487,0.3798193335533142,0.5802042484283447,0.3937361538410187,0.5748632550239563,0.40103039145469666,0.5349423885345459,0.43386581540107727,0.5420268177986145,0.4366377890110016,0.5285859107971191,0.42772960662841797,0.5276711583137512,0.4273126721382141,0.5111503005027771,0.4401327669620514,0.20489941537380219,0.18267135322093964,0.18358492851257324,0.1845541149377823,0.18339061737060547,0.18416760861873627,0.18487921357154846,0.2033974826335907,0.20012271404266357,0.23682062327861786,0.23374763131141663,0.3798055052757263,0.37921279668807983,0.5993097424507141,0.6007779240608215,0.7893289923667908,0.7969096899032593,0.8494748473167419,0.8650206327438354,0.8501335382461548,0.8594852089881897,0.8307475447654724,0.8368657827377319,0.8476362228393555,0.845427930355072,1.1769040822982788,1.1242879629135132,1.466573715209961,1.4450019598007202,1.5008412599563599,1.488792061805725,1.575646162033081,1.5503820180892944
0.378190008799235,0.391000239054362,0.4021024386088053,0.4055185000101725,0.4106425921122233,0.391000239054362,0.3961243311564127,0.4003944079081217,0.4038104693094889,0.382460085550944,0.3892922083536784,0.3952703158060709,0.3995403925577799,0.3773359934488932,0.3833141009012858,0.3901462237040202,0.3944163004557292,0.3730659166971842,0.378190008799235,0.382460085550944,0.3875841776529948,0.8011679755316841,0.8193869696723091,0.8406424628363716,0.8679709540473091,0.8907446967230903,0.8740439520941841,0.8998541372793692,0.9165548819082756,0.9302191275137442,0.8785987006293403,0.9059271353262442,0.9211096304434316,0.9347738760489004,0.8785987006293403,0.901372386791088,0.913518382884838,0.925664378978588,0.8755622016059028,0.8922629462348091,0.901372386791088,0.9089636343496816,0.5874237060546875,0.5780295054117839,0.568635368347168,0.5677813212076823,0.5643653233846029,0.5831535975138347,0.5788835525512696,0.5746134440104167,0.5694893519083659,0.5908397674560547,0.5857156753540039,0.5780295054117839,0.5720514297485352,0.5934017817179362,0.5882776896158854,0.5814455668131511,0.5763214747111003,0.5951098124186198,0.5908397674560547,0.5857156753540039,0.5797375361124675,0.7935767279730903,0.8148322211371528,0.8376059638129341,0.8649344550238716,0.8877081976996528,0.8664527045355903,0.8937811957465278,0.9120001333731192,0.9241461294668692,0.8694892035590278,0.8983358877676505,0.913518382884838,0.9241461294668692,0.8694892035590278,0.8937811957465278,0.9059271353262442,0.9165548819082756,0.8679709540473091,0.8846716986762153,0.895299388744213,0.9028906363028067,0.4817608594894409,0.4946431517601013,0.5021511912345886,0.5067575573921204,0.4736986756324768,0.46790680289268494,0.46147626638412476,0.5161455869674683,0.45453187823295593,0.4962092638015747,0.4717017412185669,0.5679253339767456,0.4077804982662201,0.5863587260246277,0.3843778967857361,0.5891729593276978,0.3824349343776703,0.5915985703468323,0.37977078557014465,0.5801182389259338,0.39366617798805237,0.5748379826545715,0.4010120630264282,0.5348406434059143,0.43386110663414,0.542029082775116,0.43725454807281494,0.5286070704460144,0.4279768168926239,0.5276912450790405,0.42734766006469727,0.5111712217330933,0.44123873114585876,0.20512518286705017,0.18274807929992676,0.18361978232860565,0.18455904722213745,0.18357205390930176,0.18435287475585938,0.18506766855716705,0.2033240646123886,0.20018960535526276,0.2368777096271515,0.23386037349700928,0.37981900572776794,0.37920278310775757,0.599233090877533,0.600775420665741,0.7891960740089417,0.7969223260879517,0.8491553664207458,0.8650221228599548,0.8498058319091797,0.8594858050346375,0.830456018447876,0.8368716835975647,0.8474524617195129,0.845385730266571,1.176326036453247,1.124193787574768,1.4662944078445435,1.444749355316162,1.500378131866455,1.4884469509124756,1.5758484601974487,1.55043363571167
0.3788559913635254,0.3908106803894043,0.4019114812215169,0.4053271293640136,0.4104505538940429,0.3908106803894043,0.3959341367085774,0.4010575930277506,0.4044732093811035,0.3822716077168782,0.3891028722127279,0.3950802167256673,0.4002036730448405,0.3771481831868489,0.3839794158935546,0.389956792195638,0.3950802167256673,0.3737325350443522,0.3780020713806152,0.3831255276997884,0.3882489840189616,0.8011925591362847,0.8194092927155672,0.8406620732060185,0.8679871170609086,0.890757977520978,0.8740593804253473,0.8998663443106192,0.9165649979202836,0.9302274915907118,0.8786135638201679,0.9059386076750578,0.9211191813151042,0.9347816749855324,0.8786135638201679,0.9013844242802372,0.9150469179506656,0.9256733081958912,0.8755774038809317,0.892276057490596,0.9029024477358216,0.9104927345558448,0.588063367207845,0.5778164545694987,0.5684234619140625,0.5675695419311524,0.5641539255777995,0.5829399108886719,0.5786703745524089,0.5744008382161458,0.5692773818969726,0.5906250635782878,0.5855016072591146,0.5786703745524089,0.5718390782674153,0.5931867599487305,0.588063367207845,0.5812320709228516,0.5761086146036783,0.5948945999145507,0.5906250635782878,0.5855016072591146,0.5795242945353191,0.7936022723162616,0.8148551093207466,0.8376259697808159,0.864951013635706,0.8877218740957754,0.8664690936053241,0.8937941374602141,0.912010814525463,0.9241552847403068,0.8695051970305266,0.8968302408854166,0.912010814525463,0.9241552847403068,0.8695051970305266,0.892276057490596,0.9059386076750578,0.9165649979202836,0.8679871170609086,0.884685770670573,0.8953121609157986,0.9029024477358216,0.4816249907016754,0.4945679008960724,0.5021336078643799,0.5067172646522522,0.47357961535453796,0.4677659273147583,0.46131056547164917,0.5161178112030029,0.45452916622161865,0.4961729049682617,0.4716464877128601,0.5678651332855225,0.40779221057891846,0.5862875580787659,0.38435548543930054,0.5891652703285217,0.3824215531349182,0.5915976762771606,0.3797297179698944,0.580044150352478,0.39359912276268005,0.5748032927513123,0.4009923040866852,0.5347076654434204,0.4338347613811493,0.5420758724212646,0.43828514218330383,0.5288237929344177,0.4295726418495178,0.527938723564148,0.4288938343524933,0.5114657282829285,0.44272416830062866,0.20535387098789215,0.18284209072589874,0.18366886675357819,0.18457314372062683,0.1837739199399948,0.18454985320568085,0.1852741688489914,0.20330004394054413,0.20025797188282013,0.2369985282421112,0.2340148240327835,0.37988221645355225,0.37919381260871887,0.5991958379745483,0.6007422208786011,0.7888790965080261,0.7969421148300171,0.8484392166137695,0.8650325536727905,0.8491319417953491,0.859497606754303,0.8298743367195129,0.8368988037109375,0.8473011255264282,0.8453469276428223,1.1759281158447266,1.1241590976715088,1.4672191143035889,1.4444445371627808,1.5016329288482666,1.4881441593170166,1.5764135122299194,1.5499708652496338
0.3780110677083333,0.3908201217651367,0.4019213040669759,0.4053370475769043,0.4104606628417969,0.3908201217651367,0.3959437370300293,0.4010673522949218,0.4044830958048502,0.3822807629903157,0.3891122500101725,0.3950897852579753,0.4002134323120117,0.3771571159362793,0.3839886347452799,0.3899661699930827,0.3950897852579753,0.3737413724263509,0.3780110677083333,0.3831346829732259,0.3882582982381184,0.7996407968026621,0.8193761754918981,0.8406297471788194,0.8679556952582466,0.8907273469147858,0.8740281281647859,0.8998359962745949,0.9165352150245948,0.9301982173213252,0.8785824811017072,0.9059084291811342,0.9210895679615162,0.934752513744213,0.8785824811017072,0.9013541327582464,0.9150170785409432,0.925643864384404,0.8755462646484375,0.8922454833984375,0.9028722127278646,0.9104627821180556,0.5880794525146484,0.5778322219848633,0.5684389114379883,0.5675849914550781,0.5641692479451498,0.5829558690388997,0.5786862055460612,0.5744164784749349,0.5692928949991862,0.5906412760416667,0.585517692565918,0.5778322219848633,0.5718546549479167,0.5932030995686849,0.5880794525146484,0.5812479654947916,0.5752704620361329,0.594911003112793,0.5906412760416667,0.585517692565918,0.5795401255289714,0.7935683638961227,0.8133037425853588,0.8375935307255498,0.8634013988353588,0.8876911304615162,0.8664376152886285,0.8937635633680555,0.9119808620876736,0.924125784414786,0.8694738317418982,0.8967997798213252,0.9119808620876736,0.924125784414786,0.8694738317418982,0.8922454833984375,0.9059084291811342,0.9165352150245948,0.8679556952582466,0.8846549140082465,0.8952816998517071,0.9028722127278646,0.4815872311592102,0.49452656507492065,0.5021255612373352,0.5066908001899719,0.47352057695388794,0.4677055776119232,0.4612447917461395,0.5160452723503113,0.45452699065208435,0.49615949392318726,0.4716334044933319,0.5678195953369141,0.40780341625213623,0.5862341523170471,0.3843473494052887,0.5891609787940979,0.38239923119544983,0.5915954113006592,0.379688560962677,0.58001309633255,0.39356204867362976,0.5747904181480408,0.40098512172698975,0.534679114818573,0.43383705615997314,0.5419986248016357,0.43858426809310913,0.5287262797355652,0.4296562373638153,0.5277682542800903,0.42893198132514954,0.5114728212356567,0.4432428777217865,0.2054123431444168,0.18285860121250153,0.1836722493171692,0.18456768989562988,0.18384985625743866,0.18463154137134552,0.1853615790605545,0.20319513976573944,0.200298011302948,0.2370050996541977,0.2340611219406128,0.3798883259296417,0.37920084595680237,0.5989537239074707,0.6007456183433533,0.7881886959075928,0.7970144152641296,0.8473680019378662,0.8650535941123962,0.8482484817504883,0.8595163226127625,0.8290924429893494,0.8369308114051819,0.8471939563751221,0.8452385067939758,1.175629734992981,1.1245718002319336,1.4673510789871216,1.4455949068069458,1.502158761024475,1.4897150993347168,1.5757544040679932,1.5501072406768799
0.3788523038228353,0.3908059120178223,0.4019056638081869,0.4053209940592447,0.4112977663675944,0.3908059120178223,0.3967826843261718,0.4010518391927083,0.4044671376546224,0.3822676340738932,0.3890982309977213,0.3959288597106933,0.4001980145772298,0.3771446545918782,0.3839752833048502,0.3899520874023437,0.3950750350952148,0.3737293243408203,0.3779984792073568,0.3831214586893717,0.3882444063822428,0.7996624981915509,0.8193953902633102,0.8406462492766203,0.86796875,0.8907375194408276,0.8740403917100694,0.8998449820059317,0.9165420532226562,0.930203303584346,0.8785941795066551,0.9059166802300348,0.9226137514467592,0.936275001808449,0.8785941795066551,0.901362892433449,0.9150241427951388,0.925649572301794,0.8770762690791377,0.8922554298683449,0.9028808028609664,0.9104704115125868,0.5880402247111003,0.5777942657470703,0.5684021631876628,0.5675483067830404,0.5641330083211263,0.5829172134399414,0.5786481221516927,0.5743789672851562,0.5692559560139974,0.5906016667683919,0.5854787190755208,0.5786481221516927,0.5718174616495768,0.5931631724039713,0.5880402247111003,0.5812095642089844,0.5752327601114909,0.5948708216349284,0.5906016667683919,0.5854787190755208,0.5795019149780274,0.793590799967448,0.8148416589807581,0.8376104284215856,0.8649329291449652,0.8877016420717593,0.8649329291449652,0.8937733402958623,0.9119883219401042,0.9241316618742766,0.8694866604275173,0.896809161150897,0.9119883219401042,0.9241316618742766,0.8694866604275173,0.8922554298683449,0.9059166802300348,0.9165420532226562,0.8664508395724826,0.8846658212167245,0.8952912507233797,0.9028808028609664,0.48150554299354553,0.494419664144516,0.5020851492881775,0.5066325664520264,0.4734501540660858,0.46763530373573303,0.46116453409194946,0.5159366726875305,0.4545218348503113,0.49610909819602966,0.4716077744960785,0.5677526593208313,0.4078075587749481,0.5862010717391968,0.3843401372432709,0.5891541242599487,0.38239556550979614,0.5915952324867249,0.37968242168426514,0.5799737572669983,0.393558144569397,0.5747631192207336,0.4009913206100464,0.5346434712409973,0.4338309168815613,0.5420486330986023,0.43861597776412964,0.5290691256523132,0.4300282895565033,0.5281062722206116,0.4294483959674835,0.5122584104537964,0.44335249066352844,0.20555686950683594,0.1829012930393219,0.183688223361969,0.18457019329071045,0.18398834764957428,0.1847812831401825,0.18553774058818817,0.20317091047763824,0.20040757954120636,0.23708459734916687,0.23425394296646118,0.3798924386501312,0.3792194426059723,0.5987429618835449,0.6008321642875671,0.7877105474472046,0.7972247004508972,0.8466805219650269,0.8651481866836548,0.8476338982582092,0.8596214652061462,0.8285173773765564,0.8371304273605347,0.8471108078956604,0.8451619744300842,1.1753125190734863,1.1247049570083618,1.4668768644332886,1.445988655090332,1.5016076564788818,1.4900254011154175,1.575395941734314,1.5509594678878784
0.3780322710673014,0.3908371607462565,0.4019347508748372,0.4062030792236328,0.4113250096638997,0.3908371607462565,0.3968127886454264,0.4010810852050781,0.4036420822143555,0.3823005676269531,0.3891298611958821,0.3959591547648112,0.4002274513244629,0.3771786053975423,0.3840078989664713,0.3899835268656412,0.3951054890950521,0.3737639745076497,0.3780322710673014,0.3831542332967122,0.388276195526123,0.7997424090350116,0.8194714016384549,0.8407180786132813,0.8680352105034722,0.8907995153356482,0.8756232932761864,0.8999051694516782,0.9181165907118056,0.9302575570565684,0.8786585489908855,0.9059756808810764,0.9226694742838542,0.9363280119719328,0.8786585489908855,0.9029404251663772,0.91508139151114,0.9257047299985532,0.8771409211335359,0.8938347145363137,0.9029404251663772,0.9105285079390916,0.5871790568033854,0.5777887980143229,0.5683985392252604,0.5675448735555013,0.5641302108764649,0.5829107920328777,0.578642463684082,0.5743741353352865,0.5692522048950195,0.5905937194824219,0.5854717254638672,0.578642463684082,0.5718132019042969,0.5931546529134114,0.5880327224731445,0.5812034606933594,0.5760814666748046,0.5948619842529297,0.5905937194824219,0.5854717254638672,0.5794961293538411,0.7936718976056134,0.8134009467230903,0.8376828228985822,0.8634823269314236,0.8862466317635995,0.8649999547887731,0.8938347145363137,0.912046135796441,0.9241871021412036,0.8680352105034722,0.8968699702510128,0.912046135796441,0.9241871021412036,0.8680352105034722,0.8923170866789641,0.9059756808810764,0.91508139151114,0.8665175826461227,0.8832113760489004,0.8938347145363137,0.9029404251663772,0.48145967721939087,0.4943792521953583,0.5020748972892761,0.5066096186637878,0.473387748003006,0.4675885736942291,0.4611223340034485,0.5158777832984924,0.4545218348503113,0.496101975440979,0.4716009497642517,0.5677370429039001,0.40782663226127625,0.5861925482749939,0.38431721925735474,0.5891506671905518,0.3823886811733246,0.5915911197662354,0.3796796202659607,0.5799027681350708,0.39355340600013733,0.574726939201355,0.400991827249527,0.5346375107765198,0.4338383674621582,0.5422118902206421,0.438664972782135,0.5291113257408142,0.43009674549102783,0.5281215906143188,0.42950934171676636,0.5123229622840881,0.4434255063533783,0.2057332992553711,0.1829630732536316,0.18371745944023132,0.18457627296447754,0.18413375318050385,0.1849416047334671,0.18573136627674103,0.20311647653579712,0.20053450763225555,0.23716196417808533,0.2344081848859787,0.37988927960395813,0.37921687960624695,0.5984883308410645,0.600836455821991,0.7875580191612244,0.7974955439567566,0.8465630412101746,0.8652932047843933,0.8474181294441223,0.8597350716590881,0.828283429145813,0.8372923135757446,0.8470813035964966,0.8451321125030518,1.1746488809585571,1.124686598777771,1.4665255546569824,1.4457817077636719,1.5012030601501465,1.4898097515106201,1.5751092433929443,1.5507856607437134
0.3788662592569987,0.3908198674519856,0.4027734438578287,0.4061887741088867,0.4113117218017578,0.3916736920674642,0.3967966715494792,0.4010657946268717,0.4036272684733072,0.3822815895080566,0.3891122182210286,0.3959428151448568,0.4002119700113932,0.3771586100260417,0.3839892387390137,0.3899660428365071,0.3950889905293782,0.3737433115641276,0.3780124346415202,0.3831354141235351,0.3882583936055501,0.8013086389612268,0.8195236206054688,0.8407744796187789,0.8680969803421585,0.8908656932689526,0.874168622052228,0.8999732123480902,0.9166702835648148,0.9303315339265046,0.8787223533347801,0.9060448540581596,0.9227419252748844,0.9348852652090568,0.8787223533347801,0.903009033203125,0.9151523731372976,0.925777746129919,0.8772044429072627,0.8939015141239872,0.903009033203125,0.9105985853407118,0.588054084777832,0.577808125813802,0.5684160232543946,0.5675622304280599,0.5641469319661458,0.5829311370849609,0.5786619822184245,0.574392827351888,0.5692698796590169,0.5906155904134115,0.5854925791422526,0.5786619822184245,0.5718313852945963,0.5940308888753255,0.588054084777832,0.5812234878540039,0.576100476582845,0.5948846817016602,0.5906155904134115,0.5854925791422526,0.5795158386230469,0.79371908682364,0.8134519788953993,0.8362206918221933,0.8635431925455729,0.8863119619864005,0.8650611029730902,0.8939015141239872,0.9121164957682292,0.9242598357024016,0.8680969803421585,0.896937334979022,0.9121164957682292,0.9242598357024016,0.8680969803421585,0.89238360369647,0.9045269436306425,0.9151523731372976,0.8665790134006076,0.8832761411313658,0.8939015141239872,0.903009033203125,0.48140355944633484,0.4943489730358124,0.502063512802124,0.5065805315971375,0.4733304977416992,0.4675358533859253,0.4610781967639923,0.5158064365386963,0.4545251429080963,0.49606338143348694,0.4715818166732788,0.5676651000976562,0.40783482789993286,0.5861835479736328,0.3843061327934265,0.5891467332839966,0.38238534331321716,0.5915924310684204,0.37966451048851013,0.5798523426055908,0.3935360610485077,0.5746946930885315,0.40098920464515686,0.534608781337738,0.43382105231285095,0.5422325730323792,0.43863433599472046,0.5292872190475464,0.4300362169742584,0.5282866358757019,0.429377019405365,0.5126742124557495,0.44340842962265015,0.20584207773208618,0.1829959601163864,0.18372949957847595,0.18457768857479095,0.18422801792621613,0.18503651022911072,0.18583129346370697,0.2029952108860016,0.20056022703647614,0.23722116649150848,0.23451969027519226,0.37987080216407776,0.37922683358192444,0.5983245968818665,0.6008131504058838,0.7874626517295837,0.7975302338600159,0.8464426398277283,0.8653254508972168,0.8473080992698669,0.8597548604011536,0.8281795382499695,0.8373178839683533,0.8470129370689392,0.8450698256492615,1.1745214462280273,1.1249841451644897,1.466926097869873,1.4457093477249146,1.5017451047897339,1.4896514415740967,1.575927734375,1.5507943630218506
0.3788682619730631,0.3908213933308919,0.4027745246887207,0.4061896959940592,0.4113124847412109,0.3916751861572266,0.3967979431152343,0.4010669390360514,0.4036283175150553,0.3822834332784017,0.3891138076782227,0.3959441502888997,0.4002131462097168,0.37716064453125,0.3839910189310709,0.3899676005045573,0.3950903574625651,0.3737454732259114,0.3788682619730631,0.3831372261047363,0.388260014851888,0.8012238679108796,0.8194381713867187,0.8406881826895255,0.868009666160301,0.8907775313765914,0.87559893572772,0.901402508770978,0.9180989583333332,0.9317597000687212,0.8801524974681713,0.9074739809389468,0.9226525200737848,0.9347954078956888,0.8786346435546875,0.902920362684462,0.9150632505063656,0.925688284414786,0.8771167896412037,0.893813239203559,0.902920362684462,0.9105096887659144,0.5880481719970703,0.5778025945027669,0.5692646662394206,0.5675570170084635,0.564141845703125,0.5837791442871094,0.5786563873291015,0.5743874231974284,0.5692646662394206,0.5906095504760742,0.5854867299397787,0.5786563873291015,0.5718260447184245,0.5940247217814127,0.588901964823405,0.5820715586344402,0.5760950088500977,0.5948785146077474,0.5906095504760742,0.5854867299397787,0.5795101801554362,0.7921166879159433,0.81336669921875,0.8361346209490741,0.863456047905816,0.8862239131221065,0.8649739018192998,0.893813239203559,0.912027542679398,0.924170430501302,0.868009666160301,0.8968489470305266,0.912027542679398,0.924170430501302,0.868009666160301,0.8922953852900752,0.9059561270254628,0.9150632505063656,0.8649739018192998,0.8831882052951389,0.893813239203559,0.902920362684462,0.481373131275177,0.4943412244319916,0.5020599961280823,0.5065611600875854,0.4733075797557831,0.4675200879573822,0.46106746792793274,0.5157233476638794,0.4545406401157379,0.4960336685180664,0.471567302942276,0.5675881505012512,0.4078407287597656,0.5861771702766418,0.38429638743400574,0.5891438722610474,0.3823830783367157,0.591585099697113,0.37966519594192505,0.5798263549804688,0.3935324549674988,0.5746831297874451,0.40098848938941956,0.5345943570137024,0.433822363615036,0.542342483997345,0.4385923445224762,0.5295281410217285,0.43005895614624023,0.5284446477890015,0.42940017580986023,0.5134360790252686,0.4435153603553772,0.20607686042785645,0.18309278786182404,0.18379710614681244,0.18461406230926514,0.1843416839838028,0.18515056371688843,0.18595507740974426,0.2029823511838913,0.20059238374233246,0.2373928278684616,0.234707772731781,0.379861980676651,0.37923261523246765,0.5981733202934265,0.6008120179176331,0.7873532176017761,0.7976091504096985,0.8463109731674194,0.865414023399353,0.847226083278656,0.8598082661628723,0.8281208872795105,0.8373767733573914,0.846968948841095,0.8449191451072693,1.1740537881851196,1.125311017036438,1.4667373895645142,1.4457167387008667,1.5015182495117188,1.4895285367965698,1.5758357048034668,1.5510749816894531
0.3788150469462076,0.3907707850138346,0.4027265230814615,0.4061424255371094,0.4112663269042969,0.3916247685750325,0.3967486381530761,0.4010185559590657,0.4044344902038574,0.3830849329630534,0.3899168014526367,0.3958946545918783,0.4001645723978678,0.3771070798238118,0.3839389165242513,0.3907707850138346,0.3950406710306803,0.3736911455790201,0.3788150469462076,0.3839389165242513,0.3882088343302409,0.8012249416775173,0.8209614506474248,0.8406979031032986,0.8680252640335648,0.8923162954824942,0.8756162290219908,0.9014254534686054,0.9181255199291088,0.9302710639105902,0.8801708080150463,0.907498225459346,0.9226800989221644,0.9348255863896122,0.8801708080150463,0.9029436464662906,0.9150891339337384,0.9241982919198496,0.877134422019676,0.8938344884801794,0.9029436464662906,0.9105345549406828,0.5880404790242513,0.5786466598510742,0.5692529042561849,0.5675449371337891,0.5649829864501953,0.5837705612182618,0.5795006434122721,0.5743767420450846,0.5701068878173828,0.591456413269043,0.5854785283406575,0.5786466598510742,0.5718147913614909,0.5940183639526367,0.5888944625854492,0.5820625940958659,0.5760847091674804,0.5948723475138347,0.590602429707845,0.5854785283406575,0.5795006434122721,0.7921158402054398,0.8133704856589988,0.8361433241102431,0.8634707415545428,0.8862435800057871,0.864988934552228,0.8923162954824942,0.912052747938368,0.9241982919198496,0.8680252640335648,0.8968708744755498,0.912052747938368,0.9226800989221644,0.8680252640335648,0.8923162954824942,0.9044618394639756,0.9150891339337384,0.864988934552228,0.8832071940104167,0.8938344884801794,0.9029436464662906,0.48132720589637756,0.4942959249019623,0.5020390748977661,0.506531834602356,0.4732531011104584,0.4674849808216095,0.4610416293144226,0.5156707167625427,0.45454514026641846,0.496017724275589,0.47155338525772095,0.5675771832466125,0.4078499972820282,0.5861666202545166,0.38428786396980286,0.5891409516334534,0.3823956251144409,0.5915711522102356,0.3796645402908325,0.5798171758651733,0.39352935552597046,0.574691653251648,0.40100806951522827,0.5345849394798279,0.4338153302669525,0.5421268343925476,0.43862083554267883,0.5295326709747314,0.43007972836494446,0.5284538865089417,0.42941561341285706,0.5134609341621399,0.4435243308544159,0.20627669990062714,0.18315118551254272,0.1838352233171463,0.18462809920310974,0.1844348907470703,0.18524451553821564,0.18606258928775787,0.2029268592596054,0.20063234865665436,0.23756010830402374,0.23488546907901764,0.37986502051353455,0.37926149368286133,0.5981603264808655,0.6008860468864441,0.7872933149337769,0.797663152217865,0.8461809754371643,0.8654839396476746,0.8471272587776184,0.8598683476448059,0.8280463218688965,0.8374530076980591,0.8469359278678894,0.8448700904846191,1.173945426940918,1.1253002882003784,1.4667327404022217,1.4457582235336304,1.5016257762908936,1.4897010326385498,1.5757861137390137,1.5510083436965942
0.3787978172302246,0.3907540639241536,0.4027103424072266,0.4061264355977376,0.4112505594889323,0.3916080792744954,0.3967322031656901,0.401002311706543,0.4044183731079102,0.3830678939819336,0.3899000485738118,0.3958781878153483,0.4001482963562012,0.3770897547403971,0.3839219093322754,0.3907540639241536,0.3950241724650065,0.3736736933390299,0.3787978172302246,0.3830678939819336,0.3881920178731282,0.8012077048972801,0.8194267555519387,0.8406823617440683,0.8680109659830729,0.8907848216869213,0.8756022700557002,0.901412624782986,0.9181134824399596,0.9302595350477432,0.88015707510489,0.9074856793438948,0.9226682309751156,0.9348142835828992,0.88015707510489,0.9029309308087384,0.915076983416522,0.9241864804868344,0.877120519567419,0.8938213772243924,0.9029309308087384,0.9105221783673322,0.588032595316569,0.5786383946736654,0.5692441304524739,0.5675360997517903,0.5649740854899089,0.5837624867757162,0.5794923782348633,0.5743682861328125,0.5700981775919597,0.5914486567179362,0.5854705174763998,0.5786383946736654,0.5718062082926433,0.5940107345581055,0.588886578877767,0.5820544560750326,0.5760763168334961,0.5957187652587891,0.5905946731567383,0.5854705174763998,0.5794923782348633,0.792098151312934,0.8133537575050637,0.836127613208912,0.8634562174479167,0.886230073151765,0.8649744669596354,0.8938213772243924,0.9120404278790508,0.9241864804868344,0.8680109659830729,0.8968578762478299,0.9120404278790508,0.9226682309751156,0.8680109659830729,0.8923031277126736,0.9044491803204572,0.915076983416522,0.8664927164713542,0.8831935741283276,0.8938213772243924,0.901412624782986,0.4813179671764374,0.4942857623100281,0.5020315051078796,0.5065140128135681,0.4732465445995331,0.4674737751483917,0.46103036403656006,0.5156214237213135,0.45455265045166016,0.4960104525089264,0.4715452194213867,0.5675573945045471,0.4078701436519623,0.5861608982086182,0.3842979669570923,0.5891443490982056,0.38240760564804077,0.5915791988372803,0.3796743154525757,0.5798160433769226,0.39352741837501526,0.5747118592262268,0.40101897716522217,0.534583330154419,0.43384549021720886,0.5422696471214294,0.43867164850234985,0.5299544334411621,0.4300522208213806,0.5289527773857117,0.42932188510894775,0.513699471950531,0.4434787333011627,0.20640239119529724,0.1831865757703781,0.1838577687740326,0.18463574349880219,0.1844782680273056,0.18528662621974945,0.18610668182373047,0.20287799835205078,0.20064356923103333,0.2376311719417572,0.23498089611530304,0.3798650801181793,0.37928342819213867,0.5981549620628357,0.6009829044342041,0.7872635722160339,0.7977060675621033,0.8461192846298218,0.8655603528022766,0.8470363616943359,0.859923779964447,0.8279711008071899,0.8375237584114075,0.8468537330627441,0.844848096370697,1.1721919775009155,1.125306487083435,1.4662652015686035,1.445702075958252,1.5012019872665405,1.4896272420883179,1.5755759477615356,1.5509536266326904
0.3789088567097982,0.3908623377482096,0.4028158505757649,0.4062311172485351,0.4113540331522624,0.3917161623636881,0.3968391100565592,0.4011082013448079,0.4036696751912434,0.3831779797871907,0.3891547203063965,0.3959852854410807,0.4002543767293294,0.377201239267985,0.3840317726135254,0.390008544921875,0.3951314608256022,0.3737859408060709,0.3789088567097982,0.3831779797871907,0.3883008956909179,0.8012688530815972,0.8194836651837384,0.8407342981409144,0.8680565728081597,0.890825116192853,0.875646068431713,0.901450432671441,0.9181473908600984,0.9302906177662036,0.8801997997142651,0.9075220743815104,0.9227010656286168,0.9348442925347222,0.8801997997142651,0.9029683430989583,0.9151115700050636,0.9242189760561342,0.8771639788592304,0.8938609370478877,0.9029683430989583,0.9090399848090278,0.5880949020385742,0.5787028630574544,0.5693108240763346,0.5676031748453776,0.5650417327880859,0.5838258107503255,0.579556655883789,0.5744337717692057,0.570164680480957,0.5915101369222006,0.5863872528076172,0.5787028630574544,0.5727261225382487,0.59407164255778,0.5889486948649089,0.5821181615193685,0.5761414210001627,0.595779291788737,0.5906563440958659,0.5863872528076172,0.5804105122884115,0.7921614470305266,0.8134120799877026,0.8361806233723958,0.8635028415256076,0.8862714414243344,0.865020751953125,0.8938609370478877,0.912075749150029,0.9242189760561342,0.8680565728081597,0.8968967579029224,0.9105578387225116,0.9227010656286168,0.8680565728081597,0.8923430266203703,0.9044862535264756,0.9135936595775463,0.865020751953125,0.8832356205692997,0.8938609370478877,0.901450432671441,0.48130205273628235,0.4942793548107147,0.5020267367362976,0.5064978003501892,0.47323691844940186,0.4674634039402008,0.46102121472358704,0.5155789852142334,0.4545558989048004,0.4959912896156311,0.47152578830718994,0.5675166845321655,0.4078924059867859,0.5861524343490601,0.38429394364356995,0.5891541242599487,0.3824171721935272,0.5915788412094116,0.3796730637550354,0.5798119902610779,0.39352473616600037,0.5747331380844116,0.4010251760482788,0.5345780849456787,0.43387582898139954,0.5424525737762451,0.4388771653175354,0.5299766659736633,0.4300617277622223,0.5289673805236816,0.4293317198753357,0.513669490814209,0.4434168040752411,0.20646099746227264,0.18322297930717468,0.18388701975345612,0.1846531331539154,0.18449750542640686,0.18529842793941498,0.18612192571163177,0.20285815000534058,0.20065954327583313,0.237660214304924,0.23500630259513855,0.37986087799072266,0.37932637333869934,0.5981466770172119,0.6011807322502136,0.7872482538223267,0.7977679967880249,0.8461006879806519,0.8656027317047119,0.8469879031181335,0.8599681854248047,0.8279426097869873,0.8376100063323975,0.8465471863746643,0.8446522951126099,1.1721242666244507,1.125243902206421,1.466170310974121,1.4456593990325928,1.5010908842086792,1.4896003007888794,1.5756856203079224,1.5509083271026611
0.3789082527160644,0.3908642133076985,0.4028201738993326,0.4062361717224121,0.4113601684570312,0.3917182286580403,0.3968421936035156,0.4011121749877929,0.4045281728108724,0.3831782341003418,0.3891562143961588,0.3959882100423177,0.4002581914265951,0.3772002538045247,0.3840322494506836,0.3900102297465006,0.3951341946919759,0.3737842877705892,0.3789082527160644,0.3831782341003418,0.3874482154846191,0.8012414437753183,0.8194600988317419,0.8407151398835359,0.8680430094401042,0.8908163000036169,0.8756341439706308,0.901443820529514,0.9181442260742188,0.9302899395978008,0.8801887794777199,0.905998456036603,0.922698861581308,0.93484457510489,0.8786705299660011,0.9029620135271992,0.9151077835648148,0.9242170545789932,0.8756341439706308,0.8938527425130208,0.9029620135271992,0.9090348985460068,0.5881375630696615,0.5787436167399088,0.5693496704101563,0.5684956232706706,0.5650796890258789,0.5838675816853841,0.5795976003011067,0.5753276189168294,0.5702036539713542,0.5915535608927409,0.5864295959472656,0.5787436167399088,0.572765604654948,0.5941155751546224,0.5889916102091471,0.5821596145629883,0.5761816024780273,0.5958235422770183,0.5915535608927409,0.5864295959472656,0.5804515838623047,0.79213217276114,0.813387213812934,0.8361604478624132,0.863488373933015,0.8862616644965278,0.8650066234447338,0.8923344930013021,0.9120713410554108,0.922698861581308,0.8680430094401042,0.8968891850224248,0.910553091543692,0.922698861581308,0.8680430094401042,0.8908163000036169,0.9044802630389178,0.913589534053096,0.8650066234447338,0.8832252219871238,0.8938527425130208,0.901443820529514,0.48128843307495117,0.4942720830440521,0.5020225048065186,0.5064902901649475,0.47321730852127075,0.4674396514892578,0.46099385619163513,0.5155707597732544,0.4545561671257019,0.49598315358161926,0.47149765491485596,0.5675042271614075,0.4079137146472931,0.586144745349884,0.38429003953933716,0.5891597270965576,0.3824256360530853,0.5915805697441101,0.3796972334384918,0.5798252820968628,0.3935304582118988,0.5747802257537842,0.4010482132434845,0.5345857739448547,0.43394389748573303,0.542494535446167,0.43889787793159485,0.5303340554237366,0.43009859323501587,0.5295315980911255,0.42937007546424866,0.513709306716919,0.4434364438056946,0.20651176571846008,0.18324460089206696,0.18390460312366486,0.18466274440288544,0.18451353907585144,0.18530894815921783,0.18613474071025848,0.20284058153629303,0.20067310333251953,0.23770885169506073,0.23504653573036194,0.3798498809337616,0.3793359398841858,0.5981389880180359,0.6013640761375427,0.7872204184532166,0.7978574633598328,0.8460636734962463,0.8656778931617737,0.8469571471214294,0.8600085973739624,0.8279222846031189,0.8376679420471191,0.846403956413269,0.8446217775344849,1.1721206903457642,1.125461459159851,1.4661136865615845,1.4457377195358276,1.5009968280792236,1.4896320104599,1.5756518840789795,1.550970435142517
0.3790162404378255,0.3909722646077474,0.4029283205668131,0.4063443183898926,0.4114683469136556,0.3918262799580892,0.3969503084818522,0.4012203216552734,0.4037823359171549,0.3832862536112467,0.3901182810465495,0.3960962931315104,0.4003663063049316,0.3773082097371419,0.3841402371724446,0.3901182810465495,0.3952422777811686,0.3738922119140625,0.3790162404378255,0.3832862536112467,0.3884102503458659,0.8012418393735532,0.8209788004557291,0.8407157615379051,0.8680439136646412,0.890817317256221,0.8756350481951678,0.8999267012984664,0.9181454128689236,0.9302912394205728,0.8801897402162905,0.9059995863172744,0.9211818553783276,0.9348459314416956,0.8786714907045717,0.9029631438078703,0.9151089703595195,0.924218354401765,0.877153241192853,0.893853759765625,0.9029631438078703,0.910554278338397,0.5882470448811848,0.5788529713948568,0.5694589614868164,0.5686049779256185,0.5651889165242513,0.5839769999186198,0.5797070185343425,0.5754369735717774,0.5703129450480143,0.5916630427042643,0.5865390141805013,0.5788529713948568,0.5728749593098958,0.5942250569661458,0.5891010284423828,0.582269032796224,0.5762909571329753,0.5959330240885417,0.5916630427042643,0.5865390141805013,0.5805610020955404,0.7921325118453414,0.8118694729275173,0.8361611260308159,0.8634892216435185,0.8862626252350984,0.8650074146412037,0.893853759765625,0.9120725278501156,0.924218354401765,0.8680439136646412,0.8968902022750289,0.910554278338397,0.9227001048900464,0.8680439136646412,0.8923355667679398,0.9044813368055556,0.9135907208478008,0.8650074146412037,0.8832261827256944,0.893853759765625,0.9014448942961516,0.4812815487384796,0.49426478147506714,0.502018928527832,0.506481945514679,0.47320520877838135,0.46742069721221924,0.46096906065940857,0.5155614614486694,0.454550176858902,0.49598342180252075,0.4714891016483307,0.5674941539764404,0.4079207479953766,0.5861374139785767,0.3842911422252655,0.5891633629798889,0.38244885206222534,0.5915841460227966,0.37973079085350037,0.5798296332359314,0.3935343325138092,0.5748066306114197,0.4010671377182007,0.5345881581306458,0.4339674711227417,0.5425079464912415,0.43906453251838684,0.5303361415863037,0.4301094114780426,0.529529869556427,0.4293622672557831,0.513666570186615,0.44354498386383057,0.206529900431633,0.18325349688529968,0.18391261994838715,0.18466663360595703,0.18453022837638855,0.18532492220401764,0.18614879250526428,0.20282427966594696,0.20068417489528656,0.2377272993326187,0.2350631207227707,0.3798496127128601,0.3793642818927765,0.5981628894805908,0.6014446020126343,0.787208616733551,0.7978703379631042,0.8460512161254883,0.865706205368042,0.846947431564331,0.8600361347198486,0.8279126286506653,0.8377049565315247,0.8463559150695801,0.8446369171142578,1.172407627105713,1.125730037689209,1.4660571813583374,1.4469923973083496,1.50094473361969,1.4912694692611694,1.5756497383117676,1.5522534847259521
0.3790838241577148,0.3910357157389323,0.4029876073201497,0.4064024607340494,0.4115247090657552,0.3918894131978352,0.397011661529541,0.4012802124023437,0.4038413365681966,0.3833523432413737,0.3901820182800293,0.396157964070638,0.4004264831542968,0.3773763974507649,0.3842060407002767,0.3901820182800293,0.395304266611735,0.3739615758260091,0.3790838241577148,0.3833523432413737,0.3884745915730794,0.8014094599971064,0.8196218985098379,0.8408697057653356,0.8681883635344328,0.8909539116753472,0.8757768984194155,0.900060130931713,0.9167548285590278,0.9304141574435764,0.8803299515335649,0.9061309249312788,0.9213079381872108,0.9349672670717591,0.8803299515335649,0.9030954996744792,0.9152371441876448,0.9243433634440104,0.8772945827907986,0.8939892804181134,0.9030954996744792,0.9106840345594618,0.5882421493530273,0.5788513819376627,0.5694605509440104,0.5686068852742513,0.5651920318603516,0.5839736302693684,0.5797050476074219,0.575436528523763,0.5703142801920573,0.5916570027669271,0.5865347544352214,0.5797050476074219,0.5728754043579102,0.59421812693278,0.5890958786010743,0.5822661717732748,0.5762902577718099,0.5959255218505859,0.5916570027669271,0.5865347544352214,0.5805587768554688,0.7923032407407408,0.8120333636248553,0.8363165961371528,0.8621175695348668,0.8864008020471643,0.8651529382776331,0.8924715960467303,0.9106840345594618,0.9243433634440104,0.8681883635344328,0.8955070213035301,0.9106840345594618,0.9228256225585938,0.8681883635344328,0.8909539116753472,0.9046132405598958,0.913719403302228,0.8651529382776331,0.8833653767903645,0.8924715960467303,0.901577815303096,0.4812736511230469,0.4942597448825836,0.5020158290863037,0.506475031375885,0.47319692373275757,0.4674105644226074,0.46095985174179077,0.5155505537986755,0.4545503556728363,0.4959830343723297,0.4714806377887726,0.567484438419342,0.40793946385383606,0.5861309170722961,0.3842881917953491,0.5891723036766052,0.382467657327652,0.5915956497192383,0.37978070974349976,0.5798579454421997,0.39354321360588074,0.5748593807220459,0.40107396245002747,0.5345861911773682,0.4339825212955475,0.5423845052719116,0.439068466424942,0.530236005783081,0.4301653504371643,0.5294492840766907,0.4294380247592926,0.5133687853813171,0.4435931444168091,0.20654913783073425,0.18326407670974731,0.18392089009284973,0.18466956913471222,0.18454138934612274,0.18533575534820557,0.18615993857383728,0.2028123289346695,0.20069459080696106,0.2377408891916275,0.23508459329605103,0.37984874844551086,0.3793678283691406,0.5981607437133789,0.6014513969421387,0.7871922254562378,0.797886073589325,0.8460415601730347,0.8657455444335938,0.8469485640525818,0.8600624203681946,0.8279162645339966,0.837730348110199,0.8463108539581299,0.8446120023727417,1.1723753213882446,1.1262505054473877,1.4660218954086304,1.447327971458435,1.5009088516235352,1.4914900064468384,1.5758013725280762,1.5532751083374023
0.379073429107666,0.3910271008809408,0.4029807408650716,0.4063960711161296,0.4115190505981445,0.3918809254964193,0.3970039049784342,0.4012730598449707,0.4038345654805501,0.3833426157633463,0.3901732444763183,0.3961500803629557,0.4004192352294922,0.377365779876709,0.3841964403788249,0.3901732444763183,0.3952962557474772,0.373950449625651,0.379073429107666,0.3833426157633463,0.3884655952453613,0.801421214916088,0.819636309588397,0.8408872251157408,0.8682098388671875,0.8909786648220486,0.8757994475188079,0.9000862404152199,0.916783368145978,0.9304446750217014,0.8803532353153936,0.9061579386393228,0.9213371559425636,0.934998462818287,0.8788352683738426,0.9031220612702546,0.9137475472909432,0.9243729767975984,0.8773173579463253,0.8940145421911169,0.9031220612702546,0.910711669921875,0.5882622400919596,0.5788700739542644,0.5694779713948568,0.5686241149902344,0.5652088165283203,0.5839930852254231,0.5797239303588867,0.5754547754923502,0.5703317642211914,0.5916776021321615,0.5865545908610026,0.5797239303588867,0.5728932698567708,0.5950929005940755,0.589116096496582,0.5822854359944661,0.5763086318969727,0.5959467569986979,0.5916776021321615,0.5865545908610026,0.5805777867635091,0.7923136393229167,0.8120466444227431,0.8363334373191551,0.8636560510706018,0.8864249335394965,0.8651739614981192,0.8924966317635995,0.912229636863426,0.922855066370081,0.8682098388671875,0.8970503630461516,0.910711669921875,0.922855066370081,0.8682098388671875,0.8924966317635995,0.904639971697772,0.9137475472909432,0.8651739614981192,0.8833890561704283,0.8924966317635995,0.9016041508427372,0.4812679886817932,0.49425992369651794,0.5020186305046082,0.5064656138420105,0.4731907248497009,0.46740996837615967,0.46096065640449524,0.5155473351478577,0.45455455780029297,0.49599307775497437,0.4714720845222473,0.5674764513969421,0.4079447090625763,0.5861300826072693,0.3842887580394745,0.5891762971878052,0.3825106620788574,0.5916036367416382,0.37986305356025696,0.5798786282539368,0.39356228709220886,0.5748983025550842,0.4010866582393646,0.5345874428749084,0.43398943543434143,0.5428446531295776,0.4391930401325226,0.5303675532341003,0.4301653802394867,0.529548168182373,0.42939841747283936,0.5134003758430481,0.4435763955116272,0.20656847953796387,0.18327298760414124,0.1839279681444168,0.18467387557029724,0.18455632030963898,0.18535129725933075,0.18617598712444305,0.202800914645195,0.20070235431194305,0.23775406181812286,0.23510144650936127,0.3798160254955292,0.37938275933265686,0.598113477230072,0.6014564633369446,0.7871720194816589,0.7979090809822083,0.8459932804107666,0.8657605648040771,0.846942126750946,0.8600736260414124,0.8279111981391907,0.8377457857131958,0.8462710976600647,0.8446165919303894,1.1726633310317993,1.126498818397522,1.4660121202468872,1.4479871988296509,1.5008436441421509,1.4921855926513672,1.575990915298462,1.5539820194244385
0.3790777842203776,0.3910301844278971,0.4029825846354166,0.4063975652058919,0.4115200042724609,0.391883913675944,0.3970063845316569,0.4004213651021321,0.4038363138834635,0.382492733001709,0.3893226941426595,0.3952988942464193,0.3995676040649414,0.37737029393514,0.3842002232869466,0.3901764233907064,0.3944451649983724,0.3739553133646647,0.3782240231831869,0.3833464940388997,0.3876152038574219,0.8014612268518518,0.8196744565610532,0.8409231680410879,0.8682429560908564,0.8910094084563078,0.8743139761465567,0.8985982259114583,0.916811399106626,0.9304712931315104,0.8788673118308739,0.9046693024811922,0.9213647347909432,0.9350246288158276,0.8788673118308739,0.9016337641963252,0.9137759173357928,0.9244002730758102,0.8758317735460069,0.8925272058557581,0.9016337641963252,0.9092225816514756,0.5882448196411133,0.5788536707560221,0.5694624582926432,0.5686087290445964,0.5651937484741211,0.5839761098225912,0.5797074000040691,0.5754386901855468,0.5703161875406901,0.5916598002115886,0.5865373611450195,0.5797074000040691,0.5728774388631185,0.5950747807820638,0.5890985488891601,0.5822686513264974,0.5771461486816406,0.5959285100301107,0.5916598002115886,0.5865373611450195,0.5805611292521159,0.7923546685112848,0.8120855825918692,0.8363698323567709,0.8621718795211227,0.8864561292860244,0.8652074178059895,0.8925272058557581,0.910740379050926,0.92288247567636,0.8667251586914062,0.8955626876265914,0.910740379050926,0.92288247567636,0.8667251586914062,0.8910094084563078,0.9046693024811922,0.9137759173357928,0.8652074178059895,0.8819027936017072,0.8925272058557581,0.9016337641963252,0.4812622368335724,0.4942626655101776,0.5020208954811096,0.5064583420753479,0.47318705916404724,0.4674118459224701,0.4609662890434265,0.5155425667762756,0.4545724093914032,0.4959947168827057,0.47145894169807434,0.5674687027931213,0.40795934200286865,0.5861261487007141,0.38428786396980286,0.5891789793968201,0.38252395391464233,0.5916103720664978,0.3799160122871399,0.5798900127410889,0.39356735348701477,0.5749251842498779,0.40108874440193176,0.5345860123634338,0.4340022802352905,0.5432259440422058,0.4392274022102356,0.5303645730018616,0.4300391376018524,0.5295031070709229,0.4291304349899292,0.5133668184280396,0.44352880120277405,0.20658846199512482,0.1832834929227829,0.18393582105636597,0.18468014895915985,0.18456576764583588,0.18535800278186798,0.18617916107177734,0.20281687378883362,0.20070987939834595,0.23776660859584808,0.2350480705499649,0.3798147141933441,0.3794041872024536,0.5980991125106812,0.6014121770858765,0.7871577739715576,0.7979273200035095,0.8459845185279846,0.8657726049423218,0.8469557166099548,0.8600829243659973,0.8279372453689575,0.8377603888511658,0.8463013172149658,0.8447200059890747,1.1732228994369507,1.1269105672836304,1.4660310745239258,1.4480115175247192,1.5007942914962769,1.4921622276306152,1.5761598348617554,1.5539535284042358
0.3790833791097005,0.3910334904988606,0.402983570098877,0.4063978830973307,0.4115193367004394,0.3918870608011881,0.3961549441019694,0.3995692571004232,0.4021299997965494,0.3824976921081543,0.3884727478027344,0.393594233194987,0.3978621164957682,0.3765226682027181,0.3824976921081543,0.3884727478027344,0.3927406311035156,0.3722547849019368,0.3765226682027181,0.3816441218058268,0.385912005106608,0.7984082257306134,0.8166178950557003,0.8393799393265335,0.8651769567418981,0.8894565158420139,0.8712468465169271,0.8970438639322916,0.9137360749421296,0.9273933128074364,0.8757992779767072,0.9015962953920718,0.9182884498878762,0.930428229437934,0.8757992779767072,0.8970438639322916,0.9107011017975984,0.9213234230324074,0.8727643048321759,0.887939057526765,0.8970438639322916,0.9046312120225696,0.5882099787394206,0.5788206100463867,0.5694312413533529,0.5685776392618815,0.5651633580525716,0.5839420954386393,0.5796741485595703,0.575406265258789,0.5702848434448242,0.5916242599487305,0.5865027745564778,0.5796741485595703,0.5728455861409505,0.5950386047363281,0.5890635172526042,0.5822348912556966,0.5771134694417318,0.5958921432495117,0.5916242599487305,0.5865027745564778,0.5805277506510417,0.7923383359555844,0.813582921911169,0.8363450226960358,0.8621420401114005,0.8864215426974826,0.8651769567418981,0.8924914324725116,0.9107011017975984,0.9228408813476564,0.8682119298864294,0.8970438639322916,0.9107011017975984,0.9228408813476564,0.8682119298864294,0.8909739741572628,0.9046312120225696,0.9137360749421296,0.8651769567418981,0.8833866260669849,0.894008947301794,0.9015962953920718,0.4812573492527008,0.4942711889743805,0.5020267367362976,0.5064508318901062,0.47319620847702026,0.46742716431617737,0.46098604798316956,0.5155433416366577,0.45458751916885376,0.49599307775497437,0.4714526832103729,0.5674619674682617,0.40797123312950134,0.5861214399337769,0.384164959192276,0.5891847014427185,0.3824926018714905,0.5916351675987244,0.3798118233680725,0.5799035429954529,0.3935384154319763,0.5749387741088867,0.4010906219482422,0.53458571434021,0.43397054076194763,0.5434837341308594,0.43914034962654114,0.5301900506019592,0.42990642786026,0.5291429758071899,0.4289502501487732,0.5129432082176208,0.44341984391212463,0.2065892517566681,0.183294415473938,0.1839447319507599,0.1846892535686493,0.18454566597938538,0.1853242963552475,0.18611639738082886,0.20284563302993774,0.2006702423095703,0.23776191473007202,0.23492561280727386,0.3798145353794098,0.37940603494644165,0.5981598496437073,0.6010937094688416,0.7871362566947937,0.7975602149963379,0.8459222316741943,0.865451991558075,0.8469032645225525,0.8597244620323181,0.8278785347938538,0.8372432589530945,0.8463348150253296,0.8448411822319031,1.173577904701233,1.127073049545288,1.4664124250411987,1.4482862949371338,1.5010701417922974,1.4924464225769043,1.5764507055282593,1.5540274381637573
0.3793149630228678,0.3912575403849284,0.403200085957845,0.4057592074076334,0.4117305119832357,0.3904045104980468,0.3938166618347168,0.3963757832845052,0.3980818748474121,0.3801680246988932,0.38528626759847,0.3904045104980468,0.3929636319478353,0.3733436902364095,0.3784619331359863,0.3835801760355631,0.3878453890482584,0.3673724174499512,0.3716375986735026,0.3750497817993164,0.3793149630228678,0.7878659283673322,0.8106136745876736,0.833361420808015,0.8606587162724247,0.8834064624927662,0.8652082655164931,0.8909890634042246,0.907670706289786,0.9213193540219908,0.8682413171838831,0.8955386126482928,0.910703757957176,0.925868903266059,0.8652082655164931,0.8894725093135127,0.9016046594690392,0.9122202555338542,0.8606587162724247,0.878856913248698,0.8864395141601562,0.894022058557581,0.5883098602294922,0.5789264043172201,0.5695429484049479,0.5678368886311849,0.5652777353922526,0.5840446472167968,0.5797794342041016,0.5746611913045248,0.5703959782918294,0.591722043355306,0.5866038004557291,0.5789264043172201,0.5721021016438802,0.595134162902832,0.5891628901163737,0.5823385874430339,0.5763673146565755,0.5959871927897136,0.591722043355306,0.5857507069905599,0.5806324640909831,0.7924154776114004,0.8121302286783855,0.8363944724754051,0.8621752703631366,0.8864395141601562,0.8652082655164931,0.8925055609809027,0.9122202555338542,0.9243524056893808,0.8682413171838831,0.8970551102249711,0.910703757957176,0.9228359081127026,0.8682413171838831,0.8909890634042246,0.9046377111364294,0.913736809624566,0.8652082655164931,0.8834064624927662,0.8925055609809027,0.9016046594690392,0.48126065731048584,0.4942857027053833,0.5020332932472229,0.50644451379776,0.4732142984867096,0.4674561619758606,0.4610242247581482,0.5155405402183533,0.4546155333518982,0.4960006773471832,0.47144752740859985,0.5674563050270081,0.40798309445381165,0.5861179828643799,0.3836420178413391,0.5891887545585632,0.3824929893016815,0.5916416645050049,0.3794032037258148,0.5799047350883484,0.393242746591568,0.574941873550415,0.4010654091835022,0.5345187783241272,0.4338759779930115,0.5434663891792297,0.4388417601585388,0.529204785823822,0.4298272728919983,0.5276941657066345,0.4288787841796875,0.5121011734008789,0.4433469772338867,0.20660269260406494,0.18330329656600952,0.18395958840847015,0.1846988946199417,0.1845451444387436,0.18532101809978485,0.18610261380672455,0.20286168158054352,0.20066891610622406,0.23776979744434357,0.23490211367607117,0.37982210516929626,0.3794082999229431,0.5981578826904297,0.6003685593605042,0.7870523929595947,0.7948710322380066,0.8458159565925598,0.8608852028846741,0.8467530608177185,0.856749415397644,0.8277320265769958,0.8342257738113403,0.8463236093521118,0.8448402285575867,1.1737754344940186,1.1269140243530273,1.4673147201538086,1.448225975036621,1.502016305923462,1.4924083948135376,1.5768035650253296,1.5534892082214355
0.3808424949645996,0.3919239044189453,0.4038577397664388,0.4055625915527344,0.4106770833333333,0.3902190844217936,0.3919239044189453,0.3944811820983886,0.3953335762023925,0.3799901008605957,0.3833997408548991,0.3885142644246419,0.3919239044189453,0.3714659372965495,0.3757280031840006,0.3808424949645996,0.3859570185343424,0.3654990196228027,0.3672038396199544,0.3689086596171061,0.3714659372965495,0.7743399726019965,0.7985865275065104,0.8213176020869503,0.8485949480975116,0.8713260791919849,0.8501103719075521,0.8789030852141204,0.8955725775824652,0.91224206995081,0.851625739203559,0.8834493001302083,0.8970880013925058,0.9137574372468172,0.8501103719075521,0.8773877179181134,0.8895109388563368,0.8986033686885128,0.8440487331814236,0.8637490166558159,0.8758722941080729,0.8864801477502894,0.5888321558634441,0.5786031723022461,0.5692265828450521,0.5683741887410482,0.564964485168457,0.5837176640828451,0.57945556640625,0.5751934687296549,0.570078976949056,0.5913894017537434,0.5862749099731446,0.5786031723022461,0.5726362228393554,0.5947991053263346,0.5888321558634441,0.5820128122965494,0.5760459264119466,0.5956514994303386,0.5913894017537434,0.5862749099731446,0.5803080240885417,0.792524888780382,0.8137405960648149,0.8364716706452546,0.8622335928457755,0.8864801477502894,0.8652644404658565,0.8925417864764178,0.9107266461407696,0.9228499235930266,0.8682952315719039,0.8970880013925058,0.9107266461407696,0.9228499235930266,0.8682952315719039,0.8925417864764178,0.9046650074146412,0.9137574372468172,0.866779864275897,0.8834493001302083,0.8940571537724248,0.9016342163085938,0.4812801480293274,0.49430227279663086,0.5020390748977661,0.5064389705657959,0.47323405742645264,0.46749237179756165,0.46106845140457153,0.5155377984046936,0.45463138818740845,0.4960186183452606,0.47145897150039673,0.5674533843994141,0.4080103933811188,0.5861173868179321,0.3822833299636841,0.5891915559768677,0.38247451186180115,0.591643214225769,0.3782835006713867,0.5799027681350708,0.39235779643058777,0.574942946434021,0.4009140133857727,0.5344915986061096,0.4337330460548401,0.5431721806526184,0.43853074312210083,0.5290160179138184,0.42967483401298523,0.527512788772583,0.42874351143836975,0.511903703212738,0.4430399239063263,0.20661312341690063,0.1833149492740631,0.18396978080272675,0.18470273911952972,0.1845504492521286,0.18532595038414001,0.18610739707946777,0.20285850763320923,0.20067806541919708,0.23777726292610168,0.23490475118160248,0.37983694672584534,0.3794075548648834,0.5981549024581909,0.5980186462402344,0.7869665026664734,0.7867153882980347,0.8456903696060181,0.8505222201347351,0.8465464115142822,0.8472941517829895,0.8275259733200073,0.8246203064918518,0.8459968566894531,0.8444872498512268,1.1737123727798462,1.1264227628707886,1.4676814079284668,1.4477893114089966,1.5025519132614136,1.492088794708252,1.5768285989761353,1.5519977807998657
0.3817394892374674,0.3928241729736328,0.4039088249206543,0.4064668337504069,0.4124355316162109,0.3911188125610351,0.391971492767334,0.3928241729736328,0.3928241729736328,0.3791814804077148,0.3817394892374674,0.3860028266906738,0.3894134839375814,0.371507453918457,0.3732128143310547,0.378328800201416,0.3825921376546224,0.3646861394246419,0.3655387878417969,0.3680967966715495,0.3706548055013021,0.748717357494213,0.7729709766529225,0.7987405282479746,0.8260258992513021,0.8487636990017361,0.8169307567455151,0.8502795184100116,0.8715014987521701,0.8881759078414352,0.8199624520760995,0.8533112702546296,0.8684698034215856,0.8836283365885417,0.818446632667824,0.847247823079427,0.8624063562463831,0.8715014987521701,0.8138990614149305,0.8381527370876736,0.8533112702546296,0.8669539274992766,0.5880850474039714,0.5787057240804037,0.5693264007568359,0.5684736887613933,0.5650630315144857,0.5838217417399089,0.5795583724975586,0.5752950668334961,0.5701790491739909,0.5914957682291667,0.5863797505696614,0.5787057240804037,0.5727370580037435,0.5949064254760742,0.5889377593994141,0.5821163813273112,0.576147715250651,0.5957590738932291,0.5914957682291667,0.5863797505696614,0.5804110844930013,0.792677081072772,0.8138990614149305,0.8366368611653646,0.8639222321686921,0.8881759078414352,0.8654380515769676,0.8927234225802951,0.9109137075918692,0.9230405454282408,0.8684698034215856,0.8957551744249131,0.9109137075918692,0.9215246695059316,0.8684698034215856,0.8912076031720196,0.9048502604166668,0.9139454029224536,0.8654380515769676,0.8821124606662326,0.8927234225802951,0.9018185650860822,0.48131731152534485,0.49430447816848755,0.5020390748977661,0.5064316987991333,0.47324979305267334,0.46753063797950745,0.46112531423568726,0.5155184268951416,0.4546507000923157,0.4960262179374695,0.4714978337287903,0.5674782991409302,0.40805914998054504,0.5861434936523438,0.38108760118484497,0.589201033115387,0.38247689604759216,0.5916488766670227,0.37758761644363403,0.5799026489257812,0.3918118476867676,0.5749375224113464,0.40094271302223206,0.534267008304596,0.4331914186477661,0.5423212051391602,0.4381183683872223,0.5287314057350159,0.4295841455459595,0.5271487832069397,0.42865046858787537,0.5119781494140625,0.44294849038124084,0.20662304759025574,0.18332521617412567,0.183977410197258,0.18469613790512085,0.1845552623271942,0.18533065915107727,0.18611635267734528,0.20279446244239807,0.20070277154445648,0.23773527145385742,0.2348993867635727,0.3798426687717438,0.37938645482063293,0.5980686545372009,0.591361939907074,0.7868744730949402,0.7627135515213013,0.84564608335495,0.8267651200294495,0.8463388681411743,0.824249804019928,0.8273134231567383,0.8018072247505188,0.8455373048782349,0.8436564803123474,1.1722418069839478,1.1245914697647095,1.4676703214645386,1.4474382400512695,1.5026912689208984,1.4920635223388672,1.5750811100006104,1.5485432147979736
0.382561461130778,0.3944965044657389,0.4055790583292643,0.4081365903218587,0.4149566014607747,0.3927914937337239,0.3927914937337239,0.3936440149943034,0.3936440149943034,0.380856450398763,0.3817089398701985,0.3851189613342285,0.3868239720662434,0.3723313967386881,0.3731839179992676,0.377446428934733,0.3800039291381836,0.3655113538106282,0.3663638750712076,0.3697738965352376,0.3740364074707031,0.706352459942853,0.7321170383029514,0.754850486472801,0.7836461950231481,0.8094107733832465,0.7654594138816551,0.7942551224320024,0.8154730337637442,0.8321442215530961,0.768490544071904,0.8003173828125,0.8169885706018518,0.827597498010706,0.7700061374240451,0.8003173828125,0.8154730337637442,0.8245663678204572,0.768490544071904,0.7942551224320024,0.8094107733832465,0.8215352941442419,0.5880149841308594,0.578637440999349,0.5692598978678386,0.5684073766072592,0.5649973551432291,0.58375244140625,0.5794898986816406,0.5743748982747395,0.5701123555501302,0.5914250055948893,0.5863099416097005,0.578637440999349,0.5726699193318685,0.5948350270589192,0.5888674418131511,0.5820474624633789,0.5760798772176107,0.5956874847412109,0.5914250055948893,0.5863099416097005,0.58034241994222,0.7927395855938947,0.813957440411603,0.8366908885814526,0.8639710602936921,0.8882200453016493,0.8654865971317998,0.8927667123300058,0.9109534934714988,0.9230780142324942,0.8685177273220486,0.8957978425202546,0.9109534934714988,0.921562420880353,0.8670021339699074,0.8912511754918981,0.9048912330910012,0.9124690303096064,0.8654865971317998,0.8821577849211516,0.8927667123300058,0.9018601029007524,0.4814305305480957,0.49431368708610535,0.5020452737808228,0.5064270496368408,0.47325578331947327,0.4675524830818176,0.4611437916755676,0.5155242681503296,0.45466217398643494,0.49610328674316406,0.4716354310512543,0.5675023198127747,0.40814208984375,0.5862830877304077,0.3785720765590668,0.5892466902732849,0.38275036215782166,0.5916568040847778,0.3773817718029022,0.5798807740211487,0.39136606454849243,0.5749062895774841,0.40092363953590393,0.5338427424430847,0.432684063911438,0.5421472787857056,0.4368787705898285,0.5305006504058838,0.4299117922782898,0.5293027758598328,0.42910221219062805,0.5164983868598938,0.44404828548431396,0.20677617192268372,0.18335194885730743,0.18398864567279816,0.18469884991645813,0.18466036021709442,0.18550918996334076,0.1864171326160431,0.2027929723262787,0.20113597810268402,0.23794208467006683,0.23530663549900055,0.3800300657749176,0.37937724590301514,0.5980613827705383,0.57970130443573,0.7868326902389526,0.720679521560669,0.845668375492096,0.7768308520317078,0.846262514591217,0.7741007804870605,0.8272374272346497,0.7559249401092529,0.8460068702697754,0.8440234065055847,1.1696062088012695,1.1243536472320557,1.4661370515823364,1.4471195936203003,1.5022059679031372,1.491865634918213,1.5686057806015015,1.5454448461532593
0.3840291341145833,0.3968249003092448,0.4079145431518555,0.4096206665039062,0.4147389729817708,0.3968249003092448,0.3959718386332194,0.3976779301961263,0.3993840535481771,0.3840291341145833,0.3840291341145833,0.3900004704793294,0.3942657470703125,0.3737925211588541,0.375498612721761,0.3823230107625325,0.3874413172403971,0.3661150614420573,0.3678211530049642,0.3729394594828287,0.3789108276367187,0.6549444127965857,0.677692441587095,0.701957024468316,0.7307711565936054,0.7565522935655382,0.6958908646195023,0.7277381049262153,0.7474530820493345,0.7550357394748264,0.6989239162868923,0.7338042647750289,0.7520026878074363,0.7550357394748264,0.701957024468316,0.7353207623517072,0.7520026878074363,0.7550357394748264,0.704990076135706,0.7322877106843171,0.7474530820493345,0.7580687911422165,0.5887613932291667,0.5785247802734375,0.5691411972045899,0.5682881673177084,0.5648759206136068,0.583643086751302,0.579377810160319,0.5751125335693359,0.5699942270914714,0.5921735763549805,0.5862022399902344,0.579377810160319,0.5725533803304036,0.5947327295939128,0.5896144231160482,0.5827899932861328,0.5768186569213867,0.5964388529459635,0.591320546468099,0.5862022399902344,0.5810839335123698,0.792949139630353,0.8126640602394387,0.8369286431206597,0.862709723578559,0.8884908605504919,0.8657428317599827,0.8930404663085938,0.9112388893410012,0.9233711525245948,0.8672593293366608,0.8975900720666956,0.9112388893410012,0.9218545984338832,0.8672593293366608,0.8930404663085938,0.9051727294921876,0.9142719410083912,0.8657428317599827,0.8824247007016782,0.8930404663085938,0.9021396778247974,0.48149511218070984,0.49429336190223694,0.5020307302474976,0.5064095258712769,0.4732481837272644,0.467553973197937,0.46114495396614075,0.515518069267273,0.45467105507850647,0.4961215555667877,0.47182413935661316,0.5674858689308167,0.40844398736953735,0.5865186452865601,0.3759669065475464,0.5892645120620728,0.38293370604515076,0.5917272567749023,0.3786773681640625,0.5799000859260559,0.39142152667045593,0.5749046802520752,0.40066108107566833,0.5334324240684509,0.4323091208934784,0.5419825911521912,0.4368751645088196,0.5331799387931824,0.4309196174144745,0.5322210788726807,0.4298742115497589,0.521459698677063,0.44690456986427307,0.20740161836147308,0.18349118530750275,0.184059277176857,0.18472279608249664,0.1850234866142273,0.18600749969482422,0.18717405200004578,0.20278127491474152,0.20194099843502045,0.23847068846225739,0.2364518791437149,0.38017797470092773,0.37882834672927856,0.598028302192688,0.5676116943359375,0.7866657972335815,0.6639810800552368,0.8456180691719055,0.7166411876678467,0.8461400866508484,0.7052209973335266,0.8270770311355591,0.6861246824264526,0.8440613150596619,0.8422468304634094,1.1652512550354004,1.1226069927215576,1.4596155881881714,1.446592926979065,1.4981852769851685,1.491883397102356,1.5582594871520996,1.5422652959823608
0.3819543202718099,0.395607852935791,0.4075547218322753,0.4084080696105957,0.4109681129455566,0.3990212440490722,0.4007279396057129,0.4015812873840332,0.4032879829406738,0.3853677113850911,0.3870744069417318,0.3930478413899739,0.3964612007141113,0.3751275380452474,0.376834233601888,0.3845143636067708,0.3887811024983724,0.3683007876078287,0.3700074513753255,0.3751275380452474,0.3802476247151692,0.5971360948350695,0.6183749163592304,0.6396137943974247,0.6654038040726273,0.6911938137478298,0.6153407909252026,0.6335455435293692,0.6547843650535301,0.6729891176576968,0.6168578536422165,0.6456819887514468,0.6745061803747107,0.6805744312427662,0.622926104510272,0.6532673023365162,0.6760232430917246,0.6805744312427662,0.6320284808123553,0.6547843650535301,0.6729891176576968,0.6820914939597801,0.5884642283121745,0.579077402750651,0.5688372294108073,0.567983881632487,0.5654238382975261,0.5841974894205729,0.5799307505289714,0.5748106638590494,0.5705439249674479,0.5918776194254557,0.5867575327555339,0.579077402750651,0.5722506205240886,0.595291010538737,0.5901709238688151,0.5833441416422526,0.5765173594156902,0.5969977060953776,0.5918776194254557,0.5867575327555339,0.5807840983072917,0.7928369027596933,0.8140757807978878,0.8368316650390625,0.8641387939453125,0.8884117409035012,0.8641387939453125,0.8944799917715567,0.9111676816587096,0.923304126880787,0.8671729193793403,0.8975141172055845,0.9111676816587096,0.9217870641637732,0.8671729193793403,0.891445866337529,0.90358236807364,0.9126847443757232,0.8641387939453125,0.8823434900354457,0.8929629290545428,0.9005482426396123,0.4814895689487457,0.4942217469215393,0.5019844174385071,0.5063628554344177,0.47322317957878113,0.4675523042678833,0.4611442983150482,0.5154348611831665,0.4546743929386139,0.49607667326927185,0.4718926250934601,0.5674229860305786,0.408529132604599,0.5866534113883972,0.3731060028076172,0.5892669558525085,0.3829909861087799,0.5918607711791992,0.3797105550765991,0.5800031423568726,0.3915567696094513,0.574942946434021,0.40027764439582825,0.5329508781433105,0.43199628591537476,0.540980339050293,0.4370082914829254,0.5339847207069397,0.43214014172554016,0.5336427092552185,0.4307537376880646,0.5210745334625244,0.44985857605934143,0.20785105228424072,0.18363544344902039,0.1841341257095337,0.18474708497524261,0.18536241352558136,0.1864597201347351,0.1878265142440796,0.20277617871761322,0.20269057154655457,0.2388768494129181,0.23718278110027313,0.3802686929702759,0.37807443737983704,0.5978874564170837,0.5652276277542114,0.7864173650741577,0.612881600856781,0.8452169299125671,0.6497868299484253,0.8459712266921997,0.633649468421936,0.8269070982933044,0.6228888630867004,0.8360884785652161,0.8374437689781189,1.1553345918655396,1.1188017129898071,1.4524848461151123,1.442749261856079,1.491420865058899,1.4889299869537354,1.5545992851257324,1.5386128425598145
0.3919683456420898,0.4005054473876953,0.4098962783813477,0.4081888516743978,0.405627695719401,0.4022128740946452,0.4039203008015951,0.405627695719401,0.4073351224263509,0.39026091893514,0.391114616394043,0.3945294698079427,0.3979443232218424,0.3800163586934407,0.3808700879414876,0.3859923680623372,0.39026091893514,0.3723329861958822,0.3731866836547851,0.3774552345275879,0.3808700879414876,0.5834778397171586,0.577406989203559,0.5789246735749422,0.5986549094871239,0.6168674045138889,0.5455351087782118,0.5424996835214121,0.5333934077510127,0.5197340788664642,0.5424996835214121,0.5652652881763599,0.5925840589735243,0.6047257600007234,0.5485705340350115,0.5728538795753761,0.5956194842303241,0.6016903347439236,0.5561590689199942,0.5743715639467593,0.5925840589735243,0.600172593858507,0.5891756057739258,0.5789310455322265,0.569540278116862,0.5678328196207683,0.5644179662068685,0.5840533574422201,0.5797847747802735,0.5746625264485677,0.5703939437866211,0.5917367299397787,0.586614481608073,0.5789310455322265,0.572955067952474,0.5960053126017253,0.5900293350219726,0.5831996281941731,0.5772236506144206,0.5968589782714844,0.5917367299397787,0.586614481608073,0.5814922332763672,0.792921617296007,0.8141695375795718,0.8369351422345197,0.862736228660301,0.8885372585720486,0.8657716539171006,0.8930903682002315,0.9113028632269964,0.9234445642541956,0.8688070226598669,0.8976435343424479,0.9113028632269964,0.921926823368779,0.8672893382884838,0.8915726838288484,0.903714328342014,0.9128206041124132,0.864253913031684,0.8824664080584491,0.8915726838288484,0.9006789030852141,0.4813796877861023,0.4940197765827179,0.5018736720085144,0.5063027739524841,0.4730687737464905,0.4674243927001953,0.46099841594696045,0.5153982639312744,0.4546469449996948,0.4958575963973999,0.47184067964553833,0.5675062537193298,0.4084971845149994,0.5867165923118591,0.3670586049556732,0.5892711281776428,0.3841868042945862,0.5921199321746826,0.3851591944694519,0.5800681710243225,0.3924163281917572,0.5749667882919312,0.40016037225723267,0.5328367352485657,0.43186232447624207,0.5410435199737549,0.43672603368759155,0.5342233777046204,0.4321221709251404,0.5339938998222351,0.43055370450019836,0.520350992679596,0.45112016797065735,0.20876041054725647,0.18369273841381073,0.18415501713752747,0.18475113809108734,0.18564195930957794,0.1868440806865692,0.18841086328029633,0.20276693999767303,0.2033591866493225,0.23999418318271637,0.2390657514333725,0.38026437163352966,0.37816521525382996,0.5979403853416443,0.5668453574180603,0.786404550075531,0.5785984992980957,0.845204770565033,0.5869582295417786,0.8460268378257751,0.5666242837905884,0.8269178867340088,0.5632635354995728,0.8324095606803894,0.8353906273841858,1.1498810052871704,1.1171663999557495,1.4478808641433716,1.440093755722046,1.485681414604187,1.4862507581710815,1.5535058975219727,1.5371694564819336
0.3929707845052083,0.4015032768249512,0.4117423057556152,0.4100358009338379,0.4049162864685058,0.4057695388793945,0.4083292961120605,0.4091825485229492,0.4091825485229492,0.393824036916097,0.3929707845052083,0.396383794148763,0.3980902989705404,0.3818785031636556,0.3835850079854329,0.388704522450765,0.3921175320943196,0.3733460108439128,0.3750525156656901,0.3801720301310221,0.3844382603963216,0.5426397818106192,0.5274708500614873,0.5214032773618344,0.5350553159360533,0.5471904613353588,0.4834810610170718,0.469829022442853,0.456177012125651,0.4394912154586227,0.4804472746672453,0.4986499362521701,0.5259539568865741,0.5365722091109665,0.4880316840277778,0.5107850816514757,0.5320215295862268,0.5396059954607928,0.4986499362521701,0.5153357611762153,0.5305046364113136,0.5380891022858796,0.5892184575398763,0.5789794921875,0.5695936838785808,0.5678871790568034,0.5644742329915364,0.5840989430745442,0.5798327128092448,0.5747131983439128,0.5695936838785808,0.592631467183431,0.587511952718099,0.5798327128092448,0.5730066935221354,0.5960444768269857,0.5900717417399088,0.5832457224527995,0.5772729873657226,0.5968977610270182,0.5917782465616862,0.5866587320963542,0.5815392176310221,0.7929266470449942,0.8126462583188657,0.8369164926034433,0.862703620062934,0.8869738543475115,0.8642205132378472,0.8930414270471644,0.9112441451461228,0.9233792340313948,0.8672542995876736,0.8960752133969907,0.9097272519712096,0.9218623408564814,0.8672542995876736,0.8915245338722512,0.9036596792715568,0.9127610383210358,0.8642205132378472,0.8809063381618923,0.8915245338722512,0.9006258929217303,0.4813484847545624,0.49399465322494507,0.5018702149391174,0.5062973499298096,0.4730110168457031,0.46739140152931213,0.4609560966491699,0.5154111385345459,0.45462796092033386,0.49569717049598694,0.47181859612464905,0.5675804018974304,0.4079899787902832,0.5867177844047546,0.361507773399353,0.5891972184181213,0.3870631456375122,0.5921913385391235,0.38702592253685,0.5801365971565247,0.39544978737831116,0.574967086315155,0.4014968276023865,0.532702624797821,0.43168511986732483,0.539854884147644,0.4355042576789856,0.5344055891036987,0.4316486716270447,0.53496915102005,0.4294048249721527,0.5191990733146667,0.4508906602859497,0.21017828583717346,0.18389181792736053,0.18427774310112,0.18484608829021454,0.18609537184238434,0.1874842643737793,0.1893785148859024,0.2027822583913803,0.20414423942565918,0.2416599690914154,0.24130545556545258,0.380086213350296,0.37753826379776,0.59793621301651,0.5684634447097778,0.786392867565155,0.5400604605674744,0.8452017307281494,0.5246570110321045,0.8461560606956482,0.5025355815887451,0.826949954032898,0.509591281414032,0.8300108313560486,0.8341388702392578,1.145995855331421,1.1158124208450317,1.4439455270767212,1.4385802745819092,1.4825012683868408,1.486016869544983,1.5520445108413696,1.534895896911621
0.3928459803263346,0.4013750076293945,0.4107569694519043,0.4107569694519043,0.4056395530700684,0.4073453585306803,0.4090511639912923,0.4107569694519043,0.4099040667215983,0.3945517857869466,0.3945517857869466,0.3962575912475586,0.3979633967081705,0.3834640502929687,0.3851698557535807,0.3885814666748047,0.3911401748657226,0.3740821202596028,0.3757879257202148,0.3800524393717447,0.3834640502929687,0.5033732661494502,0.4912430939850983,0.4836616798683449,0.4882104944299768,0.4927593655056423,0.4351409912109375,0.4169457047073929,0.4002667179814091,0.3790388884367766,0.4336247196903935,0.4457548918547453,0.4715315359610098,0.4836616798683449,0.4427223488136574,0.4594013355396412,0.479112865306713,0.4866942229094328,0.4518199779369213,0.4654664216218171,0.477596593786169,0.4836616798683449,0.5881608327229818,0.5787789026896158,0.56939697265625,0.5676911671956381,0.5642795562744141,0.5838963190714518,0.5796318054199219,0.5745143890380859,0.56939697265625,0.5915724436442057,0.5864550272623698,0.5787789026896158,0.571955680847168,0.5949840545654297,0.5898666381835938,0.5821905136108398,0.5762201944986979,0.5966898600260416,0.5915724436442057,0.5864550272623698,0.5804847081502279,0.7914650245949074,0.8126928258825231,0.8354369552047164,0.8612135710539641,0.8869901869032119,0.864246114095052,0.8930552729853878,0.9097343162254052,0.9233807599103008,0.86727865713614,0.8960878160264757,0.9097343162254052,0.921864488389757,0.86727865713614,0.8915390014648438,0.9036691736291956,0.912766859266493,0.864246114095052,0.8809251008210359,0.8915390014648438,0.8991203590675637,0.4813666343688965,0.49400702118873596,0.5018950700759888,0.5063363909721375,0.47300827503204346,0.46739643812179565,0.46095559000968933,0.5155003070831299,0.45451056957244873,0.4956880509853363,0.47181251645088196,0.5675352215766907,0.4076741337776184,0.5866538882255554,0.3593822717666626,0.5889495015144348,0.38979482650756836,0.5921924710273743,0.3867691159248352,0.5801191329956055,0.3986387252807617,0.5748471617698669,0.4056776463985443,0.5324588418006897,0.43000030517578125,0.5392274856567383,0.4341922998428345,0.5347469449043274,0.4312988221645355,0.5359067916870117,0.42866769433021545,0.5188535451889038,0.45091676712036133,0.21074722707271576,0.18400824069976807,0.18433625996112823,0.18488620221614838,0.1863728016614914,0.1878775954246521,0.18996720016002655,0.2027796357870102,0.20486730337142944,0.24228128790855408,0.24210701882839203,0.3800262212753296,0.3746686577796936,0.5978935956954956,0.5648499727249146,0.7863803505897522,0.49457600712776184,0.845195472240448,0.4673047959804535,0.8462049961090088,0.45112210512161255,0.8269825577735901,0.46540629863739014,0.8259320855140686,0.8299286365509033,1.1429325342178345,1.1142135858535767,1.4396952390670776,1.4354935884475708,1.4792970418930054,1.484121561050415,1.549004077911377,1.5325117111206055
0.3954484303792318,0.4048301378885905,0.4142118136088053,0.411653200785319,0.4065359115600586,0.4082416534423828,0.4099474271138509,0.410800298055013,0.4099474271138509,0.3954484303792318,0.3954484303792318,0.398007074991862,0.4005657196044921,0.3843609809875488,0.3860667546590169,0.3903311729431152,0.3937426884969076,0.375832176208496,0.3783908208211263,0.3818023363749186,0.3852138837178548,0.4717236271610966,0.4580775225604022,0.4489801194932725,0.4489801194932725,0.4535288210268374,0.3989444308810764,0.3792334097403067,0.3610386036060474,0.3398113392017506,0.4004606741446035,0.4125905354817708,0.4368502581561053,0.4504963627567998,0.4095580772117332,0.4292690983525029,0.445947661223235,0.4520125777633101,0.4201716952853732,0.4338177998860677,0.4444314179597077,0.4504963627567998,0.5881995519002279,0.577964973449707,0.5685832977294922,0.5668775558471679,0.5634660085042318,0.5830822626749674,0.578817876180013,0.5737005869547526,0.5685832977294922,0.5907581965128581,0.5856409072875977,0.577964973449707,0.5719948450724284,0.5941697438557942,0.5890524546305339,0.5822294235229493,0.5762592315673828,0.5958754857381184,0.5907581965128581,0.5856409072875977,0.5805236180623372,0.7916487517180266,0.8113597728587963,0.8356195520471643,0.8613954897280093,0.8856552124023438,0.8644279762550636,0.8932364004629629,0.9099149350766782,0.9235610396773728,0.8674604062680845,0.8962688304759838,0.9099149350766782,0.9205285531503185,0.8659441912615741,0.8902039139359086,0.9023338035300926,0.9114311500831886,0.8629117047345197,0.8811065108687789,0.8902039139359086,0.8993013170030382,0.48141488432884216,0.494022935628891,0.5019118189811707,0.5063593983650208,0.4730058014392853,0.4674011170864105,0.4609549641609192,0.5155867338180542,0.45446088910102844,0.4957030415534973,0.4718167185783386,0.5673223733901978,0.4079963266849518,0.5866318941116333,0.3577311933040619,0.5886696577072144,0.39296552538871765,0.5920952558517456,0.3876301944255829,0.5796692371368408,0.40200075507164,0.5742844939231873,0.40972593426704407,0.532464325428009,0.42907464504241943,0.5392395257949829,0.43423017859458923,0.5350102186203003,0.4312971532344818,0.5370283722877502,0.4286615550518036,0.5162386298179626,0.45078831911087036,0.2110663801431656,0.18407289683818817,0.18435165286064148,0.18489229679107666,0.186577707529068,0.18821552395820618,0.19053708016872406,0.20274636149406433,0.2053718864917755,0.24244758486747742,0.2426154762506485,0.3798975646495819,0.37455514073371887,0.5977694392204285,0.5639104843139648,0.7862682342529297,0.46226391196250916,0.845166027545929,0.4251297116279602,0.8462068438529968,0.410774827003479,0.8269780278205872,0.43167465925216675,0.8231409788131714,0.8272398114204407,1.1410822868347168,1.1080219745635986,1.4302996397018433,1.428400993347168,1.4687247276306152,1.478386402130127,1.5383868217468262,1.5246765613555908
0.3963036855061849,0.4056868553161621,0.4150700251261393,0.4150700251261393,0.4142169952392578,0.4073928833007812,0.4082459131876627,0.4082459131876627,0.4073928833007812,0.3954506874084472,0.3971567153930664,0.4022747993469238,0.4056868553161621,0.3852145195007324,0.3886265754699707,0.3954506874084472,0.3988627433776855,0.3775373776753744,0.3818024635314941,0.3869205474853515,0.3911856015523274,0.4505626537181713,0.4353979605215567,0.423266205964265,0.4247826752839265,0.4293320832429109,0.3747391594780816,0.3535085607458044,0.3368273982295283,0.3140803584346064,0.3777720981174045,0.3883873833550347,0.4141673900462962,0.4247826752839265,0.3899038526746962,0.4035520765516493,0.423266205964265,0.4293320832429109,0.4020356072319878,0.4156838593659577,0.426299144603588,0.4323650218822338,0.5873789469401042,0.5771427790323893,0.567759641011556,0.5660535812377929,0.5634945551554362,0.5822608311971028,0.5779958089192708,0.5728776931762696,0.567759641011556,0.5907910029093425,0.5856728871663411,0.5779958089192708,0.5711716969807943,0.5942030588785807,0.5882319768269857,0.5814078648885092,0.5754367192586263,0.5950560887654622,0.5907910029093425,0.5848199208577474,0.5797018051147461,0.7917684484411169,0.8114825778537327,0.835746086968316,0.8615260936595776,0.8857896027741609,0.8630425347222223,0.8918554800528067,0.9085366708260996,0.9221849229600696,0.8660754733615451,0.8948884186921297,0.9085366708260996,0.9206684253833912,0.8660754733615451,0.8888225414134838,0.9024707935474536,0.9100531118887442,0.8630425347222223,0.879723725495515,0.8903390389901621,0.8979213573314525,0.4815517067909241,0.4940433204174042,0.5019413828849792,0.5063968896865845,0.473042368888855,0.46747061610221863,0.4609718918800354,0.515670657157898,0.4543090760707855,0.49576470255851746,0.47181564569473267,0.5670589804649353,0.4079956114292145,0.5866336822509766,0.35894110798835754,0.5884907841682434,0.39585113525390625,0.5919860601425171,0.3905913531780243,0.579302966594696,0.40435466170310974,0.5739234685897827,0.41166001558303833,0.5325444936752319,0.4285237193107605,0.5392559766769409,0.4341180920600891,0.5349809527397156,0.4309191405773163,0.5371295809745789,0.42808157205581665,0.5126888155937195,0.45025306940078735,0.21107223629951477,0.18408958613872528,0.18436546623706818,0.1848977506160736,0.18659773468971252,0.18825052678585052,0.19061686098575592,0.20275917649269104,0.20552554726600647,0.24244491755962372,0.24267561733722687,0.3797101378440857,0.3733574450016022,0.5976964235305786,0.5642333030700684,0.7862094640731812,0.4433591961860657,0.8451512455940247,0.4008077383041382,0.8461923599243164,0.3837241232395172,0.8269438147544861,0.4013649821281433,0.8219978213310242,0.8256325721740723,1.1416653394699097,1.1041247844696045,1.4272388219833374,1.4239439964294434,1.4650218486785889,1.4742094278335571,1.5349695682525635,1.522173523902893
0.4024456659952799,0.4084171613057454,0.4160948117574056,0.4237724622090658,0.4340092976888021,0.4067110061645508,0.40756409962972,0.40756409962972,0.4067110061645508,0.3964741706848144,0.4084171613057454,0.4178009668986002,0.4237724622090658,0.3896495819091797,0.4024456659952799,0.4109763781229655,0.4143886566162109,0.3853842417399089,0.3964741706848144,0.4041517893473307,0.4084171613057454,0.4292886804651331,0.4095732229727286,0.3928909301757812,0.4004738136574074,0.4065400865342882,0.356493236400463,0.3367777789080584,0.3200954861111111,0.3003800568757234,0.3655926457157841,0.3807583844220197,0.4004738136574074,0.4110898053204572,0.3837915208604601,0.3974406489619502,0.4110898053204572,0.4141229417588976,0.3989572313096788,0.4110898053204572,0.4171560781973379,0.4201892428927951,0.5875621795654297,0.5773253122965495,0.567088508605957,0.5653823216756185,0.5628231048583985,0.5815907160441081,0.5773253122965495,0.5730599721272787,0.567088508605957,0.5901213963826497,0.5850029627482096,0.5773253122965495,0.5705007553100586,0.5926806131998698,0.5875621795654297,0.5807376225789388,0.5747661590576172,0.5943868001302083,0.5892683664957682,0.5841499328613281,0.579031499226888,0.7917492901837384,0.8114647759331597,0.8342133133499711,0.8599950719762731,0.8857767740885417,0.8630281801576968,0.8918430469654225,0.9085253680193864,0.92217446786386,0.8660613448531539,0.8948762116608796,0.9085253680193864,0.920657913773148,0.8660613448531539,0.8888098822699653,0.9024590386284722,0.9115584762008102,0.8630281801576968,0.8797105012116608,0.8903264928747107,0.8994259304470487,0.48170188069343567,0.49404218792915344,0.5019534230232239,0.5064194202423096,0.4730496406555176,0.46749451756477356,0.4609575867652893,0.5157881379127502,0.4539593756198883,0.4958607256412506,0.4717511236667633,0.5667070746421814,0.4079981744289398,0.5866331458091736,0.3599448502063751,0.5883179903030396,0.39644014835357666,0.591750979423523,0.39390501379966736,0.5787858366966248,0.40793803334236145,0.5735227465629578,0.4139764904975891,0.5328697562217712,0.42853274941444397,0.5392728447914124,0.43414372205734253,0.5345388650894165,0.43049633502960205,0.5368080139160156,0.42686304450035095,0.5109913945198059,0.450198769569397,0.21111313998699188,0.18410812318325043,0.18437805771827698,0.18490289151668549,0.18661077320575714,0.1882585734128952,0.19062499701976776,0.20281387865543365,0.20562607049942017,0.24252694845199585,0.24295605719089508,0.3796846568584442,0.3735826313495636,0.5976883769035339,0.5644946098327637,0.7859476804733276,0.4243071377277374,0.8450570702552795,0.3879101872444153,0.84613037109375,0.3660430908203125,0.8268405795097351,0.3814895749092102,0.8224620223045349,0.8257154226303101,1.142166018486023,1.1030282974243164,1.428295612335205,1.4225183725357056,1.465759515762329,1.4724235534667969,1.5360996723175049,1.522199034690857
0.3916680335998535,0.4044631004333496,0.4181111335754394,0.4360242207845052,0.4505252838134765,0.4070220947265625,0.4087281227111816,0.4112871170043945,0.4129931131998698,0.4070220947265625,0.4266411781311035,0.4385832468668619,0.4462602615356445,0.4061690966288249,0.4266411781311035,0.4317591985066731,0.4300532023111979,0.4078750928243001,0.4249351819356282,0.4283472061157226,0.4283472061157226,0.4050870259602864,0.3823402687355324,0.3626264218930844,0.3671757733380353,0.3671757733380353,0.3504948086208767,0.3338138439037181,0.3171328791865596,0.2989354734067563,0.3671757733380353,0.3686922144006799,0.3747580069082755,0.3732415658456308,0.3868896201804832,0.3884060612431279,0.3899225305627893,0.3899225305627893,0.4050870259602864,0.4035705848976418,0.4020541155779803,0.4005376745153357,0.5870058695475261,0.5767698287963867,0.5665337880452473,0.5656807581583659,0.5622687657674154,0.5818878173828125,0.5767698287963867,0.5725048065185547,0.5673867543538411,0.5895648956298828,0.5844468434651693,0.5767698287963867,0.5699457804361979,0.5929768880208334,0.5870058695475261,0.5801818211873372,0.5742108027140299,0.593829854329427,0.5895648956298828,0.5844468434651693,0.578475824991862,0.7917819552951388,0.8114958586516203,0.8342425876193577,0.8615386962890625,0.885801922833478,0.8630551373517071,0.8918677435980903,0.9100651493778936,0.9221967343930844,0.8660880759910301,0.8949006257233796,0.9100651493778936,0.9206802933304398,0.8660880759910301,0.8903513025354456,0.9024828875506364,0.9115815904405382,0.8645716349283854,0.881252599645544,0.8918677435980903,0.8994500054253473,0.4817807078361511,0.4939804673194885,0.5019490122795105,0.5064191818237305,0.4730434715747833,0.46749797463417053,0.46091291308403015,0.515836775302887,0.4537736177444458,0.4958885610103607,0.4715784788131714,0.5664876103401184,0.4082365930080414,0.5866337418556213,0.3617684543132782,0.5881109237670898,0.3959767520427704,0.5913911461830139,0.4029525816440582,0.5781968832015991,0.4098243713378906,0.5730931758880615,0.4133210778236389,0.5330835580825806,0.4286153018474579,0.5392745137214661,0.43438875675201416,0.5338689088821411,0.43033620715141296,0.536220908164978,0.42641890048980713,0.5093996524810791,0.4502022862434387,0.21117781102657318,0.1841239184141159,0.18438583612442017,0.18492107093334198,0.18657870590686798,0.18814000487327576,0.19050639867782593,0.202909454703331,0.20563670992851257,0.24257442355155945,0.24310311675071716,0.3791612684726715,0.3747277855873108,0.5977304577827454,0.562710165977478,0.785927414894104,0.4205445647239685,0.845092236995697,0.39399394392967224,0.8461917042732239,0.3601659834384918,0.8268710374832153,0.3712230622768402,0.8216609358787537,0.8242549896240234,1.1429016590118408,1.102097988128662,1.4259674549102783,1.4200304746627808,1.4627883434295654,1.4692132472991943,1.5328947305679321,1.519797921180725
0.3955731074015299,0.4032469431559244,0.4134787559509277,0.4322370211283365,0.4467320442199707,0.4109208106994629,0.4151840527852376,0.4202999432881673,0.425415833791097,0.4185946464538574,0.4365002632141113,0.4399108568827311,0.4390582084655762,0.4237105369567871,0.440763505299886,0.4399108568827311,0.4373529116312663,0.4288264274597168,0.442468802134196,0.442468802134196,0.4399108568827311,0.4052462259928385,0.3749298095703125,0.3476450602213541,0.3324868378815827,0.3218761020236545,0.3461292408130787,0.3279393796567563,0.3142970049822772,0.2991387826425057,0.3612874348958333,0.3446133931477864,0.3415817543312355,0.3415817543312355,0.3794772677951389,0.3628032543041088,0.3597716154875578,0.3612874348958333,0.3946354901349103,0.3794772677951389,0.3764456289785879,0.373413990162037,0.5865664800008138,0.5763346989949544,0.56695556640625,0.5652502695719401,0.5618396759033203,0.5814505894978841,0.5771873474121094,0.5720714569091797,0.56695556640625,0.5891244252522786,0.584008534749349,0.5763346989949544,0.5703661600748698,0.5925350189208984,0.5865664800008138,0.5805979410807292,0.5746294021606445,0.5933876673380534,0.5891244252522786,0.584008534749349,0.5780399958292644,0.7917804294162326,0.8114860817238136,0.8342234293619791,0.8615081787109375,0.885761289243345,0.8630239981192129,0.8918245668764467,0.9100144562897858,0.9221410115559896,0.8660556369357639,0.8948562056929977,0.9100144562897858,0.920625192147714,0.8660556369357639,0.8903087474681713,0.902435302734375,0.9115302756980612,0.8630239981192129,0.8812138310185185,0.8903087474681713,0.8994036639178241,0.48203152418136597,0.4939972460269928,0.5019980072975159,0.5064700245857239,0.47307854890823364,0.4675752818584442,0.46092379093170166,0.5161788463592529,0.4537503123283386,0.49601152539253235,0.47158190608024597,0.5663244724273682,0.40928372740745544,0.5866249203681946,0.3646995723247528,0.5877629518508911,0.39657771587371826,0.5909907817840576,0.4134531021118164,0.5777557492256165,0.41448137164115906,0.5727500915527344,0.4139401614665985,0.5331839919090271,0.42879411578178406,0.5392916202545166,0.4353756904602051,0.5329598188400269,0.43029266595840454,0.5351057648658752,0.42617473006248474,0.5083374381065369,0.45031535625457764,0.21140897274017334,0.18413716554641724,0.18442395329475403,0.18496979773044586,0.18656638264656067,0.18809738755226135,0.1904406100511551,0.2031947821378708,0.20564332604408264,0.24272768199443817,0.2431587427854538,0.37878453731536865,0.3755515217781067,0.59776771068573,0.5631206035614014,0.7860356569290161,0.41207048296928406,0.845319390296936,0.3812682330608368,0.8465843200683594,0.35092803835868835,0.8272365927696228,0.3646019399166107,0.8206962943077087,0.8221927285194397,1.1434403657913208,1.1015928983688354,1.4252768754959106,1.4173963069915771,1.4618436098098755,1.4660735130310059,1.5311826467514038,1.5159509181976318
0.4013159434000651,0.4030205726623535,0.4064297993977864,0.4217713991800944,0.4311468124389648,0.4132482846577962,0.420066769917806,0.4260329564412435,0.4319991111755371,0.4234759966532389,0.4362606684366862,0.4388175964355468,0.4388175964355468,0.4302944819132487,0.4422268549601237,0.4413745244344075,0.4388175964355468,0.4362606684366862,0.4456360816955566,0.4439314524332682,0.4413745244344075,0.4055263095431857,0.375221930609809,0.3479480036982783,0.3252197265625,0.3070370992024739,0.341887127911603,0.3191588507758247,0.3024914494267216,0.2888545000994647,0.3540088794849537,0.3312806023491753,0.3221893027976707,0.3176436247649016,0.3676458570692274,0.3464327776873553,0.3388567041467737,0.3388567041467737,0.3797675803855613,0.361584981282552,0.3555241054958767,0.3540088794849537,0.5862672805786133,0.5760395685831706,0.5666641235351563,0.5649595260620117,0.5615502675374349,0.5811534245808919,0.5768918991088867,0.5717779795328776,0.5666641235351563,0.588824208577474,0.5837103525797526,0.5768918991088867,0.5700733820597331,0.5922334671020508,0.5871196111043294,0.5803010940551758,0.5743349711100261,0.5930857976277669,0.588824208577474,0.5837103525797526,0.5777441660563151,0.793422218605324,0.8131200154622396,0.8358483208550347,0.8616070217556424,0.8858505249023437,0.8631222195095486,0.8919113724320024,0.9100940280490452,0.923730977376302,0.8661526715313946,0.8949418244538484,0.9100940280490452,0.922215779622396,0.8661526715313946,0.8903961746780961,0.9025179262514468,0.9131244800708912,0.8646374737774885,0.8813048751265914,0.8919113724320024,0.8994874742296007,0.48228198289871216,0.4941207766532898,0.5021267533302307,0.5065765976905823,0.4731827676296234,0.4676766097545624,0.46096959710121155,0.5166053175926208,0.4537515342235565,0.4961087107658386,0.4715796709060669,0.56632000207901,0.41053324937820435,0.5865980982780457,0.3678874969482422,0.5874754786491394,0.40041404962539673,0.5905378460884094,0.4174470007419586,0.5774485468864441,0.41973623633384705,0.5725564360618591,0.4189530611038208,0.5333144664764404,0.4288899004459381,0.5392346978187561,0.4355855882167816,0.5323387980461121,0.4302423894405365,0.5343055725097656,0.42614227533340454,0.5083521008491516,0.45027241110801697,0.21141235530376434,0.1841488927602768,0.18453174829483032,0.18518005311489105,0.1864343285560608,0.18787015974521637,0.1901293396949768,0.2042410671710968,0.20558610558509827,0.24283546209335327,0.24315470457077026,0.37865543365478516,0.37653160095214844,0.5978450179100037,0.5633629560470581,0.7865460515022278,0.40690529346466064,0.8460976481437683,0.365983247756958,0.8475591540336609,0.3401729166507721,0.8281505703926086,0.35685446858406067,0.8198105096817017,0.8205575942993164,1.1437005996704102,1.1009753942489624,1.4241001605987549,1.4166301488876343,1.4609125852584839,1.465518832206726,1.5287023782730103,1.5144511461257935
0.403916581471761,0.4056205113728841,0.4090283711751302,0.4226598739624023,0.4320315361022949,0.4141401926676432,0.4192520141601562,0.4252157847086588,0.4311795870463053,0.4243638356526693,0.4371433575948079,0.4388473192850748,0.4371433575948079,0.4320315361022949,0.443959108988444,0.4414031982421875,0.4388473192850748,0.4388473192850748,0.447367000579834,0.4448110898335775,0.442255179087321,0.4040870949074074,0.3722802621346933,0.3435026380750868,0.3192688553421585,0.3010934900354456,0.3389587967484085,0.3147250140154803,0.2965496769657841,0.2829181529857494,0.3495610837583188,0.32381266841182,0.3177542227285879,0.3162396183720341,0.3647072120949074,0.3404734011049624,0.3359295597782841,0.3374441923918547,0.3753094708478009,0.3556195294415509,0.3510756881148726,0.3495610837583188,0.5862379709879557,0.5760143280029297,0.5657906850179036,0.564938735961914,0.561530876159668,0.5811261494954427,0.5768662770589192,0.571754519144694,0.5657906850179036,0.5887938817342122,0.5828301111857096,0.5760143280029297,0.5700505574544271,0.5922017415364583,0.5862379709879557,0.5794221878051757,0.5743103663126627,0.593053690592448,0.5887938817342122,0.5836820602416992,0.5777182896931966,0.793342364275897,0.813032305682147,0.8357515123155382,0.8630145037615741,0.8857336538809317,0.8645291363751447,0.8933067604347512,0.9114820692274306,0.9235989605938948,0.8675583450882524,0.8963359691478588,0.9099674931278936,0.9220843844943576,0.8675583450882524,0.8917921278211806,0.9039090191876448,0.9129967018410012,0.8645291363751447,0.8827044451678241,0.8917921278211806,0.900879810474537,0.48251625895500183,0.49422603845596313,0.5022358298301697,0.5066603422164917,0.47330886125564575,0.46781402826309204,0.4610639214515686,0.5169664025306702,0.45379960536956787,0.49628737568855286,0.47159749269485474,0.5663172602653503,0.41280490159988403,0.5865445733070374,0.37141314148902893,0.5870965719223022,0.4046921133995056,0.5899273157119751,0.42057257890701294,0.5770779848098755,0.4231768250465393,0.5723392367362976,0.42313745617866516,0.5332548022270203,0.428880512714386,0.5377943515777588,0.43521592020988464,0.5306667685508728,0.42966917157173157,0.5326820015907288,0.4258168041706085,0.5070184469223022,0.4489552080631256,0.21142049133777618,0.18415944278240204,0.18461640179157257,0.18531304597854614,0.1864086389541626,0.18782277405261993,0.19008596241474152,0.20473112165927887,0.20559020340442657,0.24288898706436157,0.24319562315940857,0.378613144159317,0.37769681215286255,0.5980115532875061,0.5635567307472229,0.7867782711982727,0.4039665758609772,0.8464950919151306,0.35963183641433716,0.8481348752975464,0.33589842915534973,0.8286799192428589,0.3531225025653839,0.8186068534851074,0.8184747099876404,1.1437711715698242,1.0993393659591675,1.4241759777069092,1.4146621227264404,1.461284875869751,1.464100956916809,1.5275638103485107,1.5102615356445312
0.4047261238098144,0.4064293225606282,0.4089841524759928,0.421758238474528,0.4311258951822916,0.4140937805175781,0.4200550079345703,0.4260162671407064,0.4319774945576985,0.4251646359761556,0.4370871225992838,0.4404935518900553,0.4396419207255045,0.4336806933085124,0.4456031799316406,0.4438999493916829,0.4421967506408691,0.4404935518900553,0.4490095774332682,0.4481579780578613,0.4456031799316406,0.4074857358579282,0.3756924947102865,0.3469271624529803,0.3211897673430266,0.3030221727159288,0.3393573337131076,0.3151338930483217,0.2954523722330729,0.2818266691984953,0.3499550996003328,0.3242176762333623,0.3151338930483217,0.3121059841579861,0.3635807743778935,0.3393573337131076,0.3317875049732349,0.3302735505280671,0.3741785120081018,0.354496991192853,0.3469271624529803,0.34238527086046,0.5861179987589519,0.5758987426757812,0.5665311177571615,0.5648278554280599,0.5622730890909831,0.5810084025065104,0.576750373840332,0.5716407140096028,0.5656794865926107,0.5895244598388671,0.5835631688435873,0.5758987426757812,0.5699375152587891,0.592079226175944,0.5861179987589519,0.5793052037556966,0.5741955439249674,0.5929308573404948,0.5886728286743164,0.5835631688435873,0.577601941426595,0.7935467190212674,0.8132282398365162,0.8359377260561343,0.8616751211660879,0.8858985618308738,0.8631890756112558,0.8919544361255787,0.9101220024956598,0.9237476490162037,0.866217041015625,0.8964962994610822,0.9101220024956598,0.922233694571036,0.866217041015625,0.8919544361255787,0.902552173755787,0.9116359569408276,0.8647030300564236,0.8828706529405382,0.8919544361255787,0.8995242083514178,0.4828968346118927,0.4944270849227905,0.5024503469467163,0.5068408250808716,0.4735357165336609,0.4680705666542053,0.46126559376716614,0.5172476172447205,0.45386582612991333,0.49655455350875854,0.4717450439929962,0.5662964582443237,0.41394853591918945,0.5864091515541077,0.37658339738845825,0.5868504643440247,0.40742844343185425,0.5896493792533875,0.42320993542671204,0.5769333243370056,0.42455726861953735,0.5722423791885376,0.42413854598999023,0.5332280993461609,0.42889419198036194,0.5364611148834229,0.435241162776947,0.5286924242973328,0.42966312170028687,0.5305008292198181,0.4257562458515167,0.5053918361663818,0.4492979645729065,0.21142488718032837,0.18417131900787354,0.1846599131822586,0.18539093434810638,0.18635086715221405,0.1877436637878418,0.19000720977783203,0.20503149926662445,0.20557790994644165,0.24289079010486603,0.24319909512996674,0.37855803966522217,0.37766924500465393,0.59800785779953,0.5628781914710999,0.7868184447288513,0.40528473258018494,0.8465318083763123,0.36344820261001587,0.848285436630249,0.33803790807724,0.8288317918777466,0.35470008850097656,0.8168317079544067,0.8159553408622742,1.1437547206878662,1.098831295967102,1.4234856367111206,1.4147716760635376,1.4604856967926025,1.4641168117523193,1.5260931253433228,1.510535478591919
0.4063212712605794,0.4063212712605794,0.4071725845336914,0.419091002146403,0.4284554481506347,0.4148344357808431,0.419942315419515,0.4259015083312988,0.4310093879699707,0.4267528216044108,0.4386712392171224,0.4446304321289062,0.4471843719482422,0.4361172993977865,0.4471843719482422,0.4497383117675781,0.4497383117675781,0.4420764923095703,0.4505896250406901,0.4514409383138021,0.4514409383138021,0.4122096591525607,0.3804272686993634,0.3516717416268808,0.3304834719057436,0.3138355396412037,0.3425910667136863,0.3198893229166666,0.3002144990143952,0.285080012568721,0.3531851874457465,0.3304834719057436,0.3138355396412037,0.3002144990143952,0.3652927822536892,0.3441045125325521,0.3274565802680121,0.3168624312789352,0.3743734571668837,0.356212079083478,0.3425910667136863,0.3319969177246094,0.5867999394734701,0.5765841801961263,0.5672197341918945,0.5655171076456705,0.5629631678263346,0.5816920598347982,0.5774354934692383,0.5714763005574545,0.5663684209187826,0.5893539428710938,0.5833946863810221,0.5765841801961263,0.5697736740112305,0.5919078826904297,0.585948626200358,0.5791381200154623,0.5740302403767904,0.5927591959635417,0.5885026295979817,0.5833946863810221,0.5774354934692383,0.7920851530852141,0.813273451063368,0.8359751383463542,0.8617037737811053,0.8859189633969907,0.8647306654188368,0.8934861924913194,0.9116475423177084,0.9237551653826678,0.8677575570565683,0.896513084129051,0.9101340964988426,0.9207282737449364,0.8677575570565683,0.8919727466724537,0.902566867404514,0.9101340964988426,0.8647306654188368,0.8828920717592592,0.8919727466724537,0.8980265299479167,0.4831245541572571,0.4945824444293976,0.5026421546936035,0.5070134997367859,0.4736880660057068,0.46826714277267456,0.4613831341266632,0.5174983143806458,0.453900545835495,0.496687114238739,0.4718368649482727,0.5662934184074402,0.4139503836631775,0.5862820148468018,0.3800664246082306,0.5867162346839905,0.40825355052948,0.5895021557807922,0.4264053702354431,0.5769253969192505,0.4254778325557709,0.5722375512123108,0.4241238832473755,0.5332332253456116,0.4288948178291321,0.5360873341560364,0.43596115708351135,0.5285539627075195,0.4304390549659729,0.5303728580474854,0.4265032410621643,0.5054517984390259,0.45036447048187256,0.21154314279556274,0.1841854751110077,0.1847091019153595,0.18545560538768768,0.18634584546089172,0.18773555755615234,0.19000402092933655,0.20519079267978668,0.20557236671447754,0.24293820559978485,0.2433127760887146,0.3783283233642578,0.37677261233329773,0.5979892611503601,0.5629648566246033,0.7868161797523499,0.40469077229499817,0.8465195298194885,0.3638565242290497,0.848284900188446,0.33732885122299194,0.8288305997848511,0.35353055596351624,0.8158447742462158,0.8149718642234802,1.1433073282241821,1.096391201019287,1.421447992324829,1.413807988166809,1.4584904909133911,1.4635744094848633,1.5238337516784668,1.5098025798797607
0.4090301513671875,0.4081790288289388,0.4098812739054362,0.419243590037028,0.4209458351135254,0.4149879773457845,0.4200947125752767,0.425201416015625,0.4286059061686197,0.4286059061686197,0.439670467376709,0.4481816609700521,0.4549906094868978,0.4379682223002116,0.4490327835083008,0.4549906094868978,0.4600973447163899,0.4439260482788086,0.4515861193339029,0.4558417320251465,0.4600973447163899,0.4136817649558738,0.3788804230866608,0.3455921596950955,0.3138170312952112,0.2880943015769676,0.3471052664297598,0.3259218569155092,0.3077646326135706,0.2911205150462962,0.3546707718460648,0.3319742555971499,0.3092777110912181,0.2896074083116319,0.3652624907316985,0.3425659744827836,0.3213825367115162,0.3047384191442419,0.3743411028826678,0.3546707718460648,0.3395397610134548,0.3259218569155092,0.5869141896565755,0.5767007191975911,0.5673384348551432,0.5656361897786458,0.5630828221638997,0.5826585769653321,0.5775518417358398,0.5724451700846355,0.5664873123168945,0.5903186798095703,0.5835096995035808,0.5767007191975911,0.5698918024698894,0.5928720474243164,0.5869141896565755,0.580105209350586,0.574147351582845,0.5928720474243164,0.5886164347330729,0.5835096995035808,0.5775518417358398,0.7934703120478878,0.8131406430844907,0.8358371875904225,0.8615598890516493,0.8857695402922454,0.8630729957863137,0.8918219672309028,0.9099791915328416,0.9235970956307872,0.8660992092556423,0.894848124186198,0.9099791915328416,0.9205708821614584,0.8676123159903067,0.8903088604962385,0.9024136578595195,0.9114922982675058,0.864586102520978,0.8827433268229167,0.8918219672309028,0.899387444390191,0.48349231481552124,0.4946931302547455,0.5027782320976257,0.507171094417572,0.473890483379364,0.4685525894165039,0.461638867855072,0.5177886486053467,0.4540107548236847,0.4969659149646759,0.4720218777656555,0.5662903189659119,0.41411107778549194,0.5862270593643188,0.3840197026729584,0.5866905450820923,0.4113766551017761,0.5894947648048401,0.42962270975112915,0.5769582986831665,0.4277600049972534,0.5722531676292419,0.42595985531806946,0.5332427620887756,0.42897510528564453,0.5359882712364197,0.43663185834884644,0.5277830362319946,0.4313185513019562,0.5294439792633057,0.42735832929611206,0.5046875476837158,0.45155057311058044,0.2118198126554489,0.18419446051120758,0.18473802506923676,0.18547886610031128,0.18635806441307068,0.18778637051582336,0.1901431679725647,0.20527271926403046,0.2057158201932907,0.243056520819664,0.24367617070674896,0.37809231877326965,0.3743536174297333,0.5976227521896362,0.5630443096160889,0.7866913676261902,0.4079705774784088,0.8463525772094727,0.3665185570716858,0.8482145071029663,0.3388223350048065,0.8287877440452576,0.3554646074771881,0.8139175176620483,0.8129849433898926,1.1433160305023193,1.0957609415054321,1.4189426898956299,1.4129060506820679,1.4550384283065796,1.462659478187561,1.5206751823425293,1.5079858303070068
0.4111053784688314,0.4094031969706217,0.4094031969706217,0.4170629183451335,0.4179140090942382,0.4162118593851725,0.4213183403015136,0.4272758801778157,0.4332334518432617,0.4289780298868815,0.4391909917195638,0.4485528628031413,0.456212584177653,0.4383399327596028,0.4477018038431803,0.4545104344685872,0.4613190650939941,0.4442974726359049,0.4511061032613118,0.456212584177653,0.4621701558430989,0.4136715641728154,0.3803848831741898,0.345585208468967,0.3153245713975694,0.2880900347674334,0.350124274359809,0.3289418538411458,0.3122985274703414,0.297168223063151,0.3576894406919126,0.3334809479890046,0.3107855055067274,0.2911161069516782,0.3667676289876302,0.3440721582483362,0.324402759693287,0.3077594333224826,0.3758458172833478,0.3576894406919126,0.3425591362847222,0.3274288318775318,0.5872788747151693,0.577065912882487,0.5685551325480144,0.5668529510498047,0.5642997105916341,0.5830234527587891,0.5787680308024089,0.5736616134643555,0.5677040100097657,0.5906831741333007,0.5847256342569987,0.577916971842448,0.5711083730061849,0.5932364145914714,0.5872788747151693,0.5804702123006185,0.5753637313842773,0.5932364145914714,0.5889809926350912,0.58387451171875,0.5787680308024089,0.793442224573206,0.8131115948712384,0.8358070656105324,0.8615285802770544,0.8872500949435764,0.8630416304976852,0.8917891890914352,0.9114586159035012,0.9235628481264468,0.8660676744249132,0.8948152895326967,0.9099455656828704,0.922049797905816,0.8660676744249132,0.8902761953848379,0.9023804276077836,0.9129716096100984,0.864554680718316,0.8827110007957176,0.8917891890914352,0.8993543836805555,0.4840196669101715,0.4947713613510132,0.502866268157959,0.5072775483131409,0.4741395115852356,0.4689038395881653,0.4621443450450897,0.5178577303886414,0.4542786180973053,0.49731332063674927,0.47248271107673645,0.5662972331047058,0.4144200384616852,0.586223840713501,0.3865611255168915,0.5867035388946533,0.4133009612560272,0.5895227193832397,0.43321627378463745,0.5771256685256958,0.4278225600719452,0.5723586678504944,0.42531684041023254,0.5333197712898254,0.42936885356903076,0.5363631844520569,0.4375889003276825,0.5278019309043884,0.43224552273750305,0.5294815897941589,0.42821353673934937,0.5051149725914001,0.45276424288749695,0.212354376912117,0.18422003090381622,0.18477454781532288,0.18548935651779175,0.1864602118730545,0.18804191052913666,0.19060112535953522,0.20525287091732025,0.20593315362930298,0.24309779703617096,0.24403926730155945,0.37768104672431946,0.37134966254234314,0.5968465209007263,0.5630006790161133,0.7863600850105286,0.40860310196876526,0.8457214832305908,0.36916622519493103,0.8478298187255859,0.33947014808654785,0.8284950256347656,0.3551483154296875,0.8125271797180176,0.8110626935958862,1.1433556079864502,1.0953960418701172,1.4168514013290405,1.4116275310516357,1.452572226524353,1.4613542556762695,1.5172151327133179,1.5055934190750122
0.4138505935668945,0.4112971941630045,0.4112971941630045,0.418106206258138,0.418106206258138,0.4155528386433919,0.4223618507385254,0.4283197085062663,0.4351287206013997,0.4283197085062663,0.4393843650817871,0.4470444997151693,0.4555557568868001,0.4376821200052897,0.4478956222534179,0.4538535118103027,0.4598114013671875,0.4444911321004232,0.450448989868164,0.4547046343485514,0.4589602470397949,0.4136498345269097,0.3818744800708912,0.3470728556315104,0.3152975011754919,0.2895745736581308,0.3546384458188657,0.3319417317708333,0.3152975011754919,0.3016794840494791,0.3622040077492043,0.3364810802318431,0.3152975011754919,0.2971401355884693,0.3712826764142072,0.345559748896846,0.3258892765751591,0.3092450459798177,0.3773351316098813,0.3561515525535301,0.341020428692853,0.3258892765751591,0.5883314132690429,0.5781178792317708,0.5687555313110352,0.5670532862345378,0.5644999186197917,0.5840758005777995,0.5789690653483073,0.574713389078776,0.5687555313110352,0.5917359034220377,0.5857780456542969,0.5789690653483073,0.57216002146403,0.5942893346150716,0.5883314132690429,0.5815224329630534,0.5755645116170247,0.5942893346150716,0.5900336583455403,0.5849269231160482,0.5789690653483073,0.7934412073206019,0.8131117078993055,0.8358083654333044,0.8630443996853299,0.8872542204680266,0.8630443996853299,0.8917935971860532,0.909950934516059,0.9235689516420718,0.8660706696686922,0.894819810655382,0.909950934516059,0.9220558449074074,0.8660706696686922,0.8902804339373553,0.9023853443287037,0.9129771479853878,0.8645575629340277,0.8827149002640335,0.8917935971860532,0.899359130859375,0.48459678888320923,0.4950374364852905,0.5030376315116882,0.5074422955513,0.47449520230293274,0.469235897064209,0.46261247992515564,0.5178685784339905,0.4545143246650696,0.49774786829948425,0.4728143811225891,0.5662389397621155,0.41444694995880127,0.5862277746200562,0.38828805088996887,0.5867343544960022,0.41574183106422424,0.5895856618881226,0.4334595799446106,0.5774112343788147,0.42741262912750244,0.5725783109664917,0.42502185702323914,0.5333722829818726,0.42961934208869934,0.5366020202636719,0.4377956688404083,0.5278540849685669,0.4328007102012634,0.5294128656387329,0.42903128266334534,0.5058621168136597,0.4529353082180023,0.21267296373844147,0.18422900140285492,0.1848260760307312,0.18552128970623016,0.1864778697490692,0.18812595307826996,0.1907918006181717,0.2052491009235382,0.20601412653923035,0.24310517311096191,0.2442712038755417,0.3774394094944,0.36910155415534973,0.5966257452964783,0.5630772113800049,0.7864739298820496,0.40879184007644653,0.8460526466369629,0.3684360980987549,0.8482495546340942,0.3388451337814331,0.8289830684661865,0.35410597920417786,0.8122313022613525,0.8110002279281616,1.1433836221694946,1.0954983234405518,1.4163932800292969,1.4119104146957397,1.4522082805633545,1.4615336656570435,1.5168462991714478,1.5061894655227661
0.4155869166056315,0.4130344072977702,0.4121835708618164,0.420691967010498,0.4232445081075032,0.4147360801696777,0.4223936716715494,0.4292003949483235,0.4351562817891439,0.4266478538513183,0.4360071182250976,0.4428138415018717,0.4487697283426921,0.4360071182250976,0.4445155461629231,0.4496205965677897,0.4530239423116048,0.4436646779378255,0.4479188919067383,0.4504714330037435,0.4530239423116048,0.4124612313729745,0.3837216977719907,0.3504443415889033,0.318679611771195,0.2914527045355903,0.3595199867531105,0.3353182757342303,0.3141417891890914,0.2975031252260561,0.3670830338089554,0.3398560983163339,0.3156543872974537,0.2944779007523148,0.3746460526077835,0.3474191453721788,0.3247300324616609,0.3065787703902633,0.3791838751898871,0.3580073886447482,0.3398560983163339,0.3232174343532986,0.5883076985677084,0.5789484659830729,0.5695891698201497,0.5687383651733399,0.5653350194295247,0.5849043528238932,0.5806501388549805,0.57554505666097,0.5704400380452473,0.592561912536621,0.5866060256958008,0.5797992706298828,0.5729925791422527,0.5951144536336263,0.589158566792806,0.5832026799519857,0.5772467931111653,0.5959652582804362,0.5908602396647136,0.5866060256958008,0.5806501388549805,0.7936381022135417,0.8133019906503183,0.8359910753038194,0.863218010796441,0.8874196935583044,0.8647306089048032,0.8919575443974248,0.9101088347258393,0.9237222742151332,0.8662432070131655,0.8949827406141493,0.9101088347258393,0.9222096761067708,0.8662432070131655,0.8904449462890625,0.9025457876699942,0.9131340309425636,0.8647306089048032,0.8813693011248553,0.8919575443974248,0.8995205914532697,0.48492398858070374,0.4952791929244995,0.5031806230545044,0.5075346827507019,0.4747210144996643,0.46938639879226685,0.4627477526664734,0.5178530812263489,0.45456764101982117,0.49795234203338623,0.47294172644615173,0.566088080406189,0.4143305718898773,0.5862287282943726,0.38881808519363403,0.586762547492981,0.4185818135738373,0.5896057486534119,0.4333537817001343,0.5776481628417969,0.4276464283466339,0.5728228688240051,0.4257289469242096,0.5336616635322571,0.4299193322658539,0.536787748336792,0.4382427930831909,0.5278881192207336,0.4341401159763336,0.5294302701950073,0.4308158755302429,0.5080060958862305,0.45356485247612,0.2127901166677475,0.1842372715473175,0.18487784266471863,0.1855705827474594,0.1864795684814453,0.1881345808506012,0.1908544898033142,0.20528113842010498,0.2060943841934204,0.24309760332107544,0.24443712830543518,0.37734517455101013,0.3689146041870117,0.596627414226532,0.5639528036117554,0.7872423529624939,0.40499746799468994,0.8476493954658508,0.36265870928764343,0.8500681519508362,0.33524787425994873,0.8309195041656494,0.35020017623901367,0.812410831451416,0.8112092018127441,1.1438385248184204,1.0961437225341797,1.4168061017990112,1.4128012657165527,1.4525113105773926,1.4629507064819336,1.5176138877868652,1.5069758892059326
0.4166662534077962,0.4124122937520345,0.4098599116007487,0.418367862701416,0.4251742045084635,0.4132630983988444,0.4217710494995117,0.4277265866597493,0.4328313509623209,0.4243234316507975,0.4328313509623209,0.4379361152648925,0.4404884974161784,0.4345329602559407,0.4413393020629882,0.4438916842142741,0.444742488861084,0.4430408795674642,0.44559326171875,0.44559326171875,0.44559326171875,0.417123469599971,0.3914105733235677,0.3656976770471643,0.3445223490397135,0.3293971026385272,0.3672101903844763,0.3384722391764322,0.3142718844943576,0.2961215831615306,0.3762853269223813,0.3445223490397135,0.3188094527633102,0.2991466380931712,0.3838479501229745,0.350572430645978,0.3278845893012153,0.3097343162254051,0.3868730050546151,0.3611601087782118,0.3460348623770254,0.3309096442328559,0.588526725769043,0.5791680018107096,0.5706600824991862,0.5689584732055664,0.5664060592651368,0.5851235707600911,0.5808696111043294,0.57661558787028,0.5706600824991862,0.5927806854248047,0.5876759211222331,0.5800188064575196,0.5732124328613282,0.5953330993652344,0.5902283350626628,0.5834219614664714,0.5774663925170899,0.5961839040120442,0.5919298807779948,0.5868251164754231,0.5808696111043294,0.7937417489510995,0.8134045636212385,0.8360924049660011,0.86331787109375,0.8875181975188079,0.8648303561740451,0.8920557657877605,0.9117185804578992,0.9238188001844618,0.8663428977683738,0.8950808489764178,0.9102060953776042,0.9223062585901332,0.8663428977683738,0.8905432807074652,0.9026434439199942,0.913231122052228,0.8648303561740451,0.8814681441695602,0.8920557657877605,0.8996184172453704,0.4851934015750885,0.4954219460487366,0.503279983997345,0.5076382756233215,0.474863737821579,0.4694698452949524,0.4628182351589203,0.51783686876297,0.4545976519584656,0.4981684386730194,0.4730431139469147,0.5659096837043762,0.41424068808555603,0.586216390132904,0.38912492990493774,0.5867782235145569,0.4215236306190491,0.5897135138511658,0.4319056570529938,0.5778692364692688,0.42834967374801636,0.5730064511299133,0.42802420258522034,0.5338448286056519,0.4301365613937378,0.5374184846878052,0.4386307895183563,0.5281755328178406,0.43551304936408997,0.5294768214225769,0.4326572120189667,0.5100166201591492,0.45422983169555664,0.21280956268310547,0.1842593550682068,0.1849304884672165,0.185632586479187,0.18649396300315857,0.18818879127502441,0.19104059040546417,0.2053244262933731,0.20640188455581665,0.24310186505317688,0.24469926953315735,0.37733563780784607,0.36894717812538147,0.5966461896896362,0.5661095976829529,0.7876170873641968,0.40755921602249146,0.8479238152503967,0.36465948820114136,0.8505462408065796,0.3387466371059418,0.831549346446991,0.35421326756477356,0.8125337362289429,0.8114524483680725,1.144338846206665,1.0966614484786987,1.4176298379898071,1.4136244058609009,1.454053521156311,1.464086651802063,1.5181533098220825,1.5080504417419434
0.4169280370076497,0.4135248184204101,0.4109723726908366,0.4186296463012695,0.4254361152648925,0.4135248184204101,0.422032896677653,0.4279885292053222,0.4322425842285156,0.4237345059712727,0.4330933888753255,0.437347412109375,0.4398998578389486,0.4347949981689453,0.4416014671325683,0.4424522717793782,0.4424522717793782,0.4433030764261881,0.4458554903666178,0.4450046857198079,0.444153881072998,0.4186175593623408,0.3929042674877025,0.3671909756130642,0.346015308521412,0.3308898360640914,0.3687035172073929,0.3414776837384259,0.3172769052010995,0.2991263495551215,0.3792913366247106,0.3475278501157407,0.3218145582411024,0.3036640025951244,0.3853415312590422,0.3535780447500723,0.3324023776584201,0.3172769052010995,0.3883666427047164,0.36416586416739,0.3490403917100694,0.336940030698423,0.5887912114461263,0.5794322967529297,0.5709242502848307,0.5692226409912109,0.5666702270507813,0.5853879928588868,0.5811339060465495,0.5768798828125,0.5709242502848307,0.5930452346801758,0.5879404067993164,0.5802831013997396,0.5734766642252604,0.5955976486206055,0.5904928207397461,0.5836863835652669,0.5777306874593099,0.5964484532674154,0.5921944300333659,0.5870896021525065,0.5811339060465495,0.7937292593496817,0.8133923565899884,0.8360805370189526,0.8633063987449363,0.8875071772822627,0.8648189403392651,0.8920448020652488,0.9117078993055556,0.9238082885742188,0.8663314819335938,0.8950698852539063,0.9101953577112268,0.92229574697989,0.8663314819335938,0.8905322604709202,0.9026326497395832,0.9132204408998844,0.8648189403392651,0.8814569543909143,0.8920448020652488,0.8996075100368923,0.48544612526893616,0.49557679891586304,0.5033950805664062,0.5077769756317139,0.47495925426483154,0.46952375769615173,0.46286046504974365,0.5178483128547668,0.45462116599082947,0.49846404790878296,0.4731302857398987,0.5658515095710754,0.4138282537460327,0.5862144231796265,0.38930660486221313,0.5868411660194397,0.42355427145957947,0.5899636149406433,0.4307534396648407,0.5781686902046204,0.42918503284454346,0.57323157787323,0.43061545491218567,0.5342252850532532,0.43028953671455383,0.5380113124847412,0.4388497471809387,0.5290166139602661,0.43591779470443726,0.5299990773200989,0.4332503378391266,0.5122840404510498,0.4542767405509949,0.21290329098701477,0.18431340157985687,0.18500924110412598,0.18570849299430847,0.18655407428741455,0.1883280873298645,0.19136014580726624,0.20537742972373962,0.20680491626262665,0.24317827820777893,0.24510401487350464,0.3773239552974701,0.36904752254486084,0.5967129468917847,0.5675625205039978,0.7879770398139954,0.40877091884613037,0.8481335043907166,0.3651544451713562,0.850907564163208,0.34057775139808655,0.8320651650428772,0.35668468475341797,0.8128702640533447,0.8131232261657715,1.1453070640563965,1.0977516174316406,1.4204179048538208,1.4157384634017944,1.457962155342102,1.4666962623596191,1.5214208364486694,1.510743260383606
0.4177753130594889,0.4135190645853678,0.4118165969848633,0.4194778124491373,0.4271390279134114,0.4135190645853678,0.4237340609232584,0.4288415273030599,0.433097775777181,0.4245853106180827,0.4348002751668294,0.4390565236409505,0.4416102409362793,0.4348002751668294,0.4424614906311035,0.4441639900207519,0.4441639900207519,0.4433127403259277,0.4467177391052246,0.4458664894104004,0.4450152397155761,0.4184986820927373,0.3927720811631944,0.3670454802336516,0.3458588776765046,0.3307255780255353,0.3685588130244502,0.3398055465133102,0.3171056111653645,0.298945645932798,0.3791521143030237,0.3458588776765046,0.3201322767469618,0.3019723115143952,0.3852054172092014,0.3534255133734809,0.3322389108163339,0.3171056111653645,0.3882320827907986,0.3625054818612558,0.348885515001085,0.336778880931713,0.5897273381551107,0.5795124053955079,0.5709999084472657,0.5692974090576172,0.5667436599731446,0.5863223393758138,0.5812149047851562,0.5769586563110352,0.5718511581420899,0.5939835866292318,0.5880248387654622,0.5812149047851562,0.5744049072265625,0.5965373357137044,0.5905785878499349,0.5837685902913411,0.5778099060058594,0.5973885854085287,0.5922810872395833,0.587173589070638,0.5812149047851562,0.7938043099862558,0.8134775797526042,0.8361775716145833,0.8634174488208912,0.8876307169596355,0.8634174488208912,0.8936840481228299,0.9118439850983796,0.9254639802155672,0.8664441144024885,0.8951973809136284,0.910330652307581,0.92243731463397,0.8664441144024885,0.8906573825412326,0.9027640448676216,0.9133573178891784,0.8649307816116898,0.8815774423104745,0.8921707153320313,0.8997373792860243,0.48548105359077454,0.4955863952636719,0.5034062266349792,0.5078088641166687,0.4749811291694641,0.46954071521759033,0.46286898851394653,0.517851710319519,0.45464369654655457,0.498584121465683,0.4731482267379761,0.5657830834388733,0.4133824408054352,0.5862128734588623,0.38940632343292236,0.586986780166626,0.4248148202896118,0.5903301239013672,0.4300292730331421,0.5785593390464783,0.429759681224823,0.5735191702842712,0.43211475014686584,0.53440922498703,0.43036091327667236,0.538651704788208,0.438967227935791,0.5299775004386902,0.43622341752052307,0.5308536887168884,0.4335639774799347,0.5132748484611511,0.45456093549728394,0.21292467415332794,0.18432167172431946,0.18502594530582428,0.18573114275932312,0.18661488592624664,0.18851067125797272,0.1917303055524826,0.20544394850730896,0.20714570581912994,0.24321097135543823,0.24530066549777985,0.37732040882110596,0.36912181973457336,0.5967249274253845,0.5686454772949219,0.7880741357803345,0.40974557399749756,0.8481771945953369,0.3657846450805664,0.8509971499443054,0.34169065952301025,0.8322088718414307,0.35808804631233215,0.8134058713912964,0.8144385814666748,1.1460882425308228,1.09840726852417,1.422513484954834,1.416280746459961,1.460429072380066,1.4673213958740234,1.5237630605697632,1.5109426975250244
0.4169732729593913,0.4135695457458496,0.4118676503499349,0.4195261001586914,0.4271845499674479,0.4135695457458496,0.4229298591613769,0.4288864135742187,0.4331411043802897,0.4246317227681478,0.433992067972819,0.4390976905822754,0.4425014495849609,0.4348429997762044,0.4425014495849609,0.4442033131917318,0.4442033131917318,0.4433523813883464,0.4467561403910319,0.4467561403910319,0.4459051767985026,0.4185950385199652,0.3928777906629774,0.3671605428059896,0.3459816261574074,0.3293410689742477,0.3671605428059896,0.3399305272985388,0.3172388429994936,0.2990854899088541,0.3762372052228009,0.3459816261574074,0.3202643783004195,0.3021110534667969,0.3838010999891493,0.3520327532732928,0.3323666325321904,0.3172388429994936,0.3883394594545717,0.3626222115975839,0.3490071897153501,0.3369049637405961,0.5897137324015299,0.5803534189860026,0.5709931055704752,0.5701421737670899,0.5667383829752605,0.5863100051879883,0.581204350789388,0.5769496917724609,0.5718440373738607,0.5939684549967448,0.5880118687947591,0.581204350789388,0.5743968327840169,0.5965212504069011,0.5905646642049154,0.5837571461995442,0.5778006235758464,0.5973721822102864,0.5922665278116862,0.5871609369913737,0.5820552825927734,0.7937641850224247,0.813430334020544,0.8361220183195891,0.8633520620840567,0.8875565140335648,0.8633520620840567,0.8936076411494502,0.9117609659830728,0.9238632202148438,0.8663775973849827,0.8951204087999132,0.91024819833261,0.9223504525643808,0.8663775973849827,0.8905820493344907,0.9026843035662616,0.913273733633536,0.8648648297345197,0.8815053869176794,0.8920948734989873,0.8996587682653356,0.48546990752220154,0.49558591842651367,0.5034140944480896,0.5078160762786865,0.4749864637851715,0.4695468842983246,0.46286243200302124,0.5178530812263489,0.45465242862701416,0.4986167252063751,0.47315093874931335,0.5657386779785156,0.41313764452934265,0.5862100720405579,0.3894141614437103,0.5871521234512329,0.42552512884140015,0.5906770825386047,0.42954540252685547,0.5789344906806946,0.4302755892276764,0.5738089680671692,0.4332062005996704,0.5345472097396851,0.43044716119766235,0.5394411683082581,0.43901699781417847,0.5306236147880554,0.4362200200557709,0.5313993096351624,0.4335273504257202,0.5136487483978271,0.4545735716819763,0.21292804181575775,0.18432962894439697,0.18504780530929565,0.1857483685016632,0.18663382530212402,0.18861325085163116,0.19195927679538727,0.20548678934574127,0.20734214782714844,0.24321897327899933,0.2453606277704239,0.3773816227912903,0.3691730499267578,0.5968178510665894,0.5690639615058899,0.7882018089294434,0.4104485809803009,0.8482694029808044,0.36581742763519287,0.851090133190155,0.34242120385169983,0.8323391079902649,0.3591853976249695,0.81388920545578,0.8154276609420776,1.1466009616851807,1.0995224714279175,1.4241693019866943,1.416967511177063,1.46206796169281,1.4678902626037598,1.5261300802230835,1.511420726776123
0.4170752525329589,0.4136717478434245,0.4111191431681315,0.4196278572082519,0.4272857030232747,0.4136717478434245,0.4230313301086426,0.42898743947347,0.4332417805989583,0.4247330983479818,0.4340926806131999,0.4391978899637858,0.4417504946390788,0.4349435488382975,0.4426013628641764,0.4443031311035156,0.4443031311035156,0.443452231089274,0.4468557357788086,0.4460048675537109,0.4451539993286132,0.4186203850640191,0.3913924888328269,0.3671899583604601,0.3445000542534722,0.3293734515154803,0.3671899583604601,0.3384494075068721,0.3157595033998842,0.2991202742965133,0.3762659143518518,0.3445000542534722,0.3202974955240885,0.302145583541305,0.383829187463831,0.3520633556224681,0.3308861061378761,0.3157595033998842,0.3868545249656395,0.3626519662362558,0.3475253634982639,0.3354240982620804,0.5898020426432292,0.5804424921671549,0.571082878112793,0.5693811416625977,0.5668285369873047,0.5863985697428385,0.5812933603922527,0.5770390192667644,0.5719337463378906,0.5940564473470052,0.5881003061930339,0.5812933603922527,0.5744864145914713,0.5966090520222982,0.5906529108683268,0.5838459650675456,0.577889887491862,0.5974599202473958,0.5923546473185222,0.5872494379679362,0.5812933603922527,0.7937599464699074,0.8134245130750868,0.8361144454390914,0.86334228515625,0.8875448721426504,0.86334228515625,0.8935954906322338,0.9117474026150174,0.9253613507306134,0.8663675944010417,0.8951081452546297,0.9102347479926216,0.9223360414858216,0.8663675944010417,0.8905701813874422,0.9026714748806424,0.9132600572374132,0.8648549397786458,0.8814941971390335,0.892082836009838,0.8996461091218171,0.48544400930404663,0.4955746829509735,0.5034164190292358,0.5078243613243103,0.4749898910522461,0.46955105662345886,0.46284496784210205,0.5178536176681519,0.4546581208705902,0.49862778186798096,0.47315359115600586,0.5656891465187073,0.41307154297828674,0.5862082242965698,0.38944706320762634,0.5872520208358765,0.4257793128490448,0.5908777713775635,0.42925068736076355,0.5791383981704712,0.430629700422287,0.573964536190033,0.4339928925037384,0.5345765948295593,0.43047693371772766,0.5398444533348083,0.4390166997909546,0.5310465097427368,0.43617817759513855,0.5318190455436707,0.43347272276878357,0.5138018727302551,0.45455846190452576,0.21290886402130127,0.184329092502594,0.18506185710430145,0.18576090037822723,0.1866535097360611,0.1887289434671402,0.19220738112926483,0.20549380779266357,0.2075636386871338,0.24322518706321716,0.24541066586971283,0.3774090111255646,0.3692459762096405,0.596870481967926,0.5693835616111755,0.7883173823356628,0.411020964384079,0.848339319229126,0.3660651445388794,0.8511706590652466,0.3429647982120514,0.8324567675590515,0.35997122526168823,0.8141146898269653,0.8158082962036133,1.1468383073806763,1.0996825695037842,1.425107479095459,1.4169270992279053,1.463003158569336,1.4677221775054932,1.5273066759109497,1.5111894607543945
0.4162174542744954,0.4128140449523926,0.4111123402913411,0.4187700271606445,0.4264277140299479,0.4128140449523926,0.4221734364827474,0.4281294186909993,0.4332345326741536,0.4238751411437988,0.4332345326741536,0.4383396784464518,0.4417430877685547,0.4340854008992513,0.4417430877685547,0.4434447924296061,0.4434447924296061,0.4425939242045084,0.4459973653157552,0.4459973653157552,0.4451464970906575,0.4171500029387297,0.3914352982132523,0.3657205934877748,0.3445437961154514,0.3294175042046441,0.3657205934877748,0.3384932906539352,0.3158038386592158,0.2976522940176505,0.376309006302445,0.3445437961154514,0.320341717755353,0.3021901731137876,0.383872166386357,0.3521069561993634,0.3309301305700231,0.3173164650245949,0.3868974191171151,0.3626953407570167,0.3490816752115885,0.3369806360315393,0.5897916793823242,0.5804322560628256,0.5710728963216146,0.5693711598714193,0.5668186187744141,0.5863882700602213,0.5812831242879232,0.5770288467407226,0.5719237645467122,0.5940459569295248,0.5880899429321289,0.5812831242879232,0.5744763056437174,0.59659849802653,0.5906425476074219,0.5838356653849284,0.5778797149658204,0.5974493662516276,0.5923442204793294,0.587239138285319,0.5812831242879232,0.7937947026005497,0.8134588736074942,0.8361482973451968,0.8633756284360532,0.8875777067961517,0.8633756284360532,0.8936282122576679,0.91177978515625,0.9238807960792824,0.8664008811668114,0.8951408668800637,0.9102671305338542,0.9223681979709202,0.8664008811668114,0.8906029595269097,0.9027040269639756,0.9132924397786458,0.8648882830584491,0.8815272013346355,0.8921156141493055,0.8996787742332176,0.48539307713508606,0.4955340027809143,0.5034009218215942,0.5078305006027222,0.47498318552970886,0.4695451855659485,0.4628094732761383,0.5178423523902893,0.4546690583229065,0.4986328184604645,0.47314777970314026,0.5656560063362122,0.4130575954914093,0.5862063765525818,0.3895484507083893,0.5873199701309204,0.4256371557712555,0.5910397171974182,0.42901039123535156,0.5792946219444275,0.43078503012657166,0.5740829706192017,0.43423375487327576,0.5345954895019531,0.4305216670036316,0.539949357509613,0.43899068236351013,0.5311288237571716,0.4361308515071869,0.5319177508354187,0.4334084689617157,0.51374351978302,0.45444539189338684,0.2128705382347107,0.18431086838245392,0.1850574016571045,0.18575865030288696,0.1866592913866043,0.18877694010734558,0.19233590364456177,0.20546545088291168,0.2077540010213852,0.2432265728712082,0.24544014036655426,0.37741824984550476,0.3692772090435028,0.596917450428009,0.5695039629936218,0.7883700132369995,0.4109973907470703,0.8483515977859497,0.36603832244873047,0.851187527179718,0.3426220417022705,0.8324923515319824,0.3597460091114044,0.8141663074493408,0.815936803817749,1.1470391750335693,1.0997109413146973,1.425194501876831,1.4169237613677979,1.463076114654541,1.4677088260650635,1.5274161100387573,1.511042833328247
0.4161933581034342,0.412788963317871,0.4102356910705566,0.4187466303507487,0.4264064788818359,0.412788963317871,0.421299934387207,0.4281086921691894,0.4332152684529622,0.4230021158854166,0.4323641459147135,0.4383218129475911,0.4417262077331543,0.4332152684529622,0.4408751169840494,0.4434283892313639,0.4434283892313639,0.4417262077331543,0.4451306025187174,0.4451306025187174,0.4451306025187174,0.4154990584762008,0.3912901136610243,0.365568118625217,0.3443853025083189,0.3292547155309606,0.3640550684045862,0.3383330733687789,0.3156371787742332,0.2989935415762442,0.3746464764630353,0.3443853025083189,0.3201763576931423,0.3020196702745226,0.382211755823206,0.3519505818684896,0.332280844229239,0.3171502572518808,0.3867509347421151,0.3625419899269386,0.348924481427228,0.3368199948911313,0.5898168563842774,0.5796037038167318,0.5710927327473958,0.5693905512491862,0.5668372472127279,0.5864124298095703,0.5813058853149414,0.5770503997802734,0.5710927327473958,0.5940722783406576,0.58811461130778,0.5813058853149414,0.5736460367838542,0.5966255823771159,0.5906679153442382,0.5838591893513997,0.5779014587402344,0.5974767049153645,0.5923700968424479,0.587263552347819,0.5813058853149414,0.7937637329101562,0.81343344229239,0.8361293651439525,0.8633643821433739,0.8875733552155671,0.8633643821433739,0.8921125058774595,0.9117822717737268,0.9238867300528067,0.866390539098669,0.8951386063187211,0.910269221553096,0.922373679832176,0.866390539098669,0.8905994556568287,0.9027039139359084,0.9132953219943576,0.8648774888780382,0.8815210978190104,0.8921125058774595,0.899677813494647,0.48530614376068115,0.4954474866390228,0.503352701663971,0.5078154802322388,0.47496405243873596,0.4695322811603546,0.4627651870250702,0.5178036093711853,0.4546796381473541,0.49862226843833923,0.473134845495224,0.5656499266624451,0.41304102540016174,0.5862053036689758,0.3895750939846039,0.58736652135849,0.4255020022392273,0.5911427140235901,0.4289053976535797,0.5793948769569397,0.43084612488746643,0.5741649866104126,0.4343504309654236,0.5346770882606506,0.43057334423065186,0.5404531359672546,0.43901553750038147,0.5325175523757935,0.43609681725502014,0.5335718989372253,0.433355450630188,0.5144149661064148,0.45427224040031433,0.21285833418369293,0.18430641293525696,0.18505491316318512,0.18575453758239746,0.18667659163475037,0.18886898458003998,0.1925123780965805,0.20540422201156616,0.20793984830379486,0.24323086440563202,0.24548865854740143,0.37741610407829285,0.36931800842285156,0.5970252156257629,0.5695787668228149,0.7884224653244019,0.41099312901496887,0.8483708500862122,0.3660050332546234,0.8512090444564819,0.3425685465335846,0.8325296640396118,0.3597518503665924,0.8143309354782104,0.8161861300468445,1.147266149520874,1.1000148057937622,1.4253615140914917,1.4171963930130005,1.4632222652435303,1.4681609869003296,1.5276784896850586,1.5110794305801392
0.4154024442036946,0.4119986216227213,0.4102966944376627,0.4179553349812825,0.4264649073282877,0.4119986216227213,0.4213591575622558,0.4273158709208171,0.4324215888977051,0.4230610847473144,0.4324215888977051,0.437527338663737,0.4409311930338541,0.4332725524902344,0.4400802294413248,0.4426330884297689,0.4426330884297689,0.4417821248372396,0.4443350156148274,0.4451859792073567,0.4443350156148274,0.4186034591109664,0.3928856178566262,0.3671678048593026,0.3444756119339554,0.3293474833170572,0.3656549806948061,0.3399371676974826,0.3172449747721354,0.299091226083261,0.3762446933322482,0.3459884078414352,0.3217834190086082,0.303629642062717,0.3838087576406973,0.3535524721498843,0.3323731033890336,0.3172449747721354,0.3883472018771701,0.3641421847873264,0.3490140561704282,0.3384243435329861,0.5898487091064453,0.5796372095743815,0.5702767054239909,0.5694257736206054,0.5660219192504883,0.5855939229329427,0.5813391367594402,0.5770843505859375,0.5711276372273763,0.5932525634765625,0.5881467819213867,0.5804882049560547,0.573680559794108,0.5966563542683919,0.5906997044881185,0.5838919957478841,0.5779353459676106,0.5975073496500651,0.5924015680948893,0.5872958501180013,0.5813391367594402,0.7937810827184606,0.8134476838288484,0.8361398767541957,0.8633704856589989,0.8875755027488426,0.8633704856589989,0.8936267994068287,0.9117805198386864,0.923883056640625,0.8663961339879919,0.8951395670572917,0.91026769567419,0.9223702324761284,0.8663961339879919,0.8906011510778357,0.9027036313657408,0.9132933440031828,0.8648833098234954,0.88152426260489,0.8921139752423322,0.8996780395507813,0.4852541983127594,0.4953644573688507,0.5032994151115417,0.5078011751174927,0.4749557077884674,0.4695288836956024,0.46274763345718384,0.5177745223045349,0.4546932578086853,0.49861982464790344,0.4731352627277374,0.5656471848487854,0.4130319058895111,0.5862042903900146,0.38958388566970825,0.5873945355415344,0.4253629148006439,0.5911999940872192,0.4288232624530792,0.5794722437858582,0.4307907223701477,0.5742330551147461,0.43431660532951355,0.5347316861152649,0.43065145611763,0.5405717492103577,0.4391089975833893,0.5326269865036011,0.43608415126800537,0.5336514711380005,0.43331506848335266,0.5144244432449341,0.4542858898639679,0.21284739673137665,0.18430577218532562,0.18505431711673737,0.18575136363506317,0.1867063343524933,0.18898659944534302,0.19270329177379608,0.20536325871944427,0.20815551280975342,0.24322950839996338,0.2455185502767563,0.37741756439208984,0.36937108635902405,0.5971065163612366,0.5695869326591492,0.7885380387306213,0.41117027401924133,0.8484324812889099,0.3661099970340729,0.8512766361236572,0.34270745515823364,0.8326143622398376,0.3599734306335449,0.8143940567970276,0.8162487745285034,1.1472804546356201,1.1000678539276123,1.425559163093567,1.4172160625457764,1.4634959697723389,1.4681674242019653,1.5281505584716797,1.511120319366455
0.4155450820922851,0.4121413866678873,0.409588623046875,0.4180978457132975,0.4257561365763346,0.4112904548645019,0.4206506093343099,0.4274579683939616,0.4325635274251302,0.4223524411519369,0.4317125956217448,0.4368181228637695,0.4402218182881673,0.4334144274393717,0.4402218182881673,0.4419236501057942,0.4427745819091797,0.4410727183024088,0.4444764137268066,0.4444764137268066,0.4444764137268066,0.4170886852123119,0.3913719177246094,0.3656551784939236,0.3444766574435763,0.3278364110876012,0.3656551784939236,0.3399384110062211,0.3172471505624276,0.3006069042064525,0.3762444107620804,0.3459894250940393,0.321785396999783,0.3036324112503616,0.3838081642433449,0.3535531785753038,0.3323746575249566,0.3187599182128906,0.3883464106807002,0.3641424108434606,0.3490149038809317,0.3369129039623119,0.5891331990559896,0.5797730127970377,0.5704128901163737,0.5695619583129883,0.5661582946777344,0.585729471842448,0.5814748764038086,0.5763693491617838,0.5712638219197591,0.5933877944946289,0.5882822672526041,0.5806239446004232,0.5738165537516277,0.5959405263264974,0.5908349990844727,0.5840276718139649,0.5780712127685547,0.5967914581298828,0.5925368626912435,0.5874313354492188,0.5814748764038086,0.7937635633680555,0.8134293167679398,0.8361205489547164,0.8633500840928819,0.8875540839301215,0.8633500840928819,0.8920923303674768,0.9117580837673612,0.923860055428964,0.8663755628797744,0.8951178091543692,0.9102453161168982,0.9223473442925348,0.8663755628797744,0.8905795627170139,0.9026815908926504,0.913270851417824,0.8648627952293113,0.8815030698423032,0.8920923303674768,0.8996560555917246,0.4852093458175659,0.49529483914375305,0.5032570362091064,0.5077897906303406,0.4749468266963959,0.46952536702156067,0.46272900700569153,0.5177429914474487,0.4546988308429718,0.4986196756362915,0.4731367528438568,0.5656490921974182,0.4130387008190155,0.5862042903900146,0.389639288187027,0.5874050259590149,0.425161212682724,0.5912113785743713,0.4287354052066803,0.5794984698295593,0.43070754408836365,0.5742627382278442,0.4341779947280884,0.5347880125045776,0.4307144582271576,0.5405957698822021,0.4391619861125946,0.5326235890388489,0.4360786974430084,0.5336443185806274,0.4333066940307617,0.5143936276435852,0.45427894592285156,0.212783545255661,0.18429207801818848,0.18503619730472565,0.18573108315467834,0.18671323359012604,0.18904045224189758,0.1928030103445053,0.20532605051994324,0.2083251178264618,0.24318653345108032,0.24552983045578003,0.37741217017173767,0.36940860748291016,0.5971609950065613,0.569587230682373,0.788594126701355,0.411337673664093,0.8484668135643005,0.3664025664329529,0.8513268232345581,0.34294068813323975,0.832671582698822,0.36021047830581665,0.8144265413284302,0.8163318037986755,1.1472980976104736,1.1001096963882446,1.4255608320236206,1.417230248451233,1.4634777307510376,1.4681674242019653,1.528167724609375,1.5111563205718994
0.4148023287455241,0.4114041328430176,0.4097050348917643,0.4182005564371744,0.4258465131123861,0.4114041328430176,0.4207492192586263,0.4275456428527832,0.4317934036254883,0.4224483172098796,0.4317934036254883,0.436890697479248,0.4402889251708984,0.4326429367065429,0.4402889251708984,0.4419880231221517,0.4428375879923502,0.441138490041097,0.4445366859436035,0.4445366859436035,0.4436871210734049,0.417973808006004,0.3922984087908709,0.3666230378327546,0.3454786230016637,0.3273548267505787,0.3651127285427517,0.3394373575846354,0.3167826334635417,0.3001691465024595,0.3756849500868056,0.3469889322916666,0.3228238706235532,0.3047001026294849,0.3832365247938368,0.353030197708695,0.333396092167607,0.3167826334635417,0.3877674809208623,0.3636024192527488,0.3500095791286892,0.3364167390046296,0.5898101806640625,0.579615592956543,0.5702704747517904,0.5694209416707356,0.5660227457682292,0.5855624516805013,0.5813146591186523,0.5762173970540364,0.5711200714111329,0.5932084401448567,0.5881111145019531,0.5804651260375977,0.5736687342325847,0.5957571029663086,0.5906597773234049,0.5838633219401042,0.5779164632161459,0.5966066360473633,0.5923588434855144,0.5872615814208985,0.5821642557779948,0.7940425166377315,0.8136766221788194,0.8363313462999132,0.8635170265480324,0.8876820882161458,0.8635170265480324,0.8922130443431713,0.9103368123372396,0.923929680718316,0.8665376451280382,0.8952336629231771,0.9103368123372396,0.9224193431712964,0.8665376451280382,0.8907027067961516,0.9027852376302083,0.913357487431279,0.8650273640950521,0.8816408510561342,0.8922130443431713,0.8997646190502026,0.4851881265640259,0.49523285031318665,0.5032099485397339,0.5077787637710571,0.47494494915008545,0.46952638030052185,0.4627276659011841,0.5176944136619568,0.4547180235385895,0.4986213147640228,0.47315436601638794,0.5656760334968567,0.4130648076534271,0.5862104296684265,0.3896656036376953,0.5874293446540833,0.42498642206192017,0.5912371873855591,0.4286482036113739,0.5795326828956604,0.43066301941871643,0.5743029713630676,0.43404892086982727,0.5348641276359558,0.43078842759132385,0.5404751300811768,0.43916428089141846,0.5325707197189331,0.43607011437416077,0.5336176156997681,0.4332890808582306,0.5141586661338806,0.4542020261287689,0.21271510422229767,0.18426424264907837,0.18499846756458282,0.18569143116474152,0.1867201328277588,0.18906579911708832,0.19286061823368073,0.20526023209095,0.20846877992153168,0.24309870600700378,0.2455410361289978,0.37741008400917053,0.36944112181663513,0.5972325801849365,0.5695907473564148,0.7886478304862976,0.4114181101322174,0.8485090732574463,0.3666819632053375,0.851391077041626,0.3430704176425934,0.8327368497848511,0.3602910339832306,0.814478874206543,0.8164119720458984,1.1475030183792114,1.0999480485916138,1.4257608652114868,1.4169079065322876,1.4637243747711182,1.467789649963379,1.528273105621338,1.5109901428222656
0.414763355255127,0.4113635381062825,0.4096636454264323,0.4173132260640462,0.4258127848307291,0.4113635381062825,0.4207130750020345,0.4275127092997233,0.4317625045776367,0.4224129676818847,0.4317625045776367,0.4368622461954752,0.4394121170043945,0.4326124509175618,0.4402620633443196,0.4419619560241699,0.4428119341532389,0.4411120096842448,0.4445118268330892,0.4445118268330892,0.4436618804931641,0.4163112781665943,0.3906237284342448,0.3649361504448785,0.3452927200882523,0.3271603054470486,0.3649361504448785,0.3392485724555121,0.3165830824110243,0.2999617117422598,0.3755133734809028,0.3468037358036748,0.3226272017867477,0.3044948154025607,0.3830685650860821,0.3528478834364149,0.3332044530797888,0.3180941263834635,0.3876016404893663,0.3634251064724392,0.3498258237485532,0.3362265127676505,0.589004389444987,0.5796548843383789,0.5703053792317708,0.5686054229736328,0.5660556157430013,0.5856046040852865,0.5813547770182291,0.5762550354003906,0.571155293782552,0.5932542165120442,0.5881544748942057,0.5805048624674479,0.5737051645914714,0.5958040873209636,0.590704345703125,0.5839046478271485,0.5779549916585286,0.5966540018717448,0.5924042383829753,0.5873044967651367,0.5813547770182291,0.7925585711443865,0.8137130737304688,0.8363785355179398,0.8635771574797454,0.8877536914966725,0.8635771574797454,0.8922867951569734,0.910419209798177,0.92401852077908,0.8665992454246239,0.8953088831018519,0.910419209798177,0.922507448549624,0.8665992454246239,0.890775779441551,0.9028640181929976,0.913441241229022,0.8635771574797454,0.881709572120949,0.8922867951569734,0.8998419867621528,0.4851455092430115,0.49512192606925964,0.5031230449676514,0.5077514052391052,0.4749334454536438,0.46952393651008606,0.4627162218093872,0.5176502466201782,0.4547315835952759,0.4986150860786438,0.47316282987594604,0.5656765699386597,0.41313740611076355,0.5862154364585876,0.3896756172180176,0.5874358415603638,0.424856036901474,0.5912434458732605,0.42858660221099854,0.5795390605926514,0.430580735206604,0.5743101239204407,0.4339960217475891,0.534911036491394,0.43085992336273193,0.5408214926719666,0.43933823704719543,0.5328349471092224,0.43615251779556274,0.5338354706764221,0.43338218331336975,0.5142979025840759,0.4542374908924103,0.21269434690475464,0.1842489093542099,0.1849650889635086,0.18565121293067932,0.18673402070999146,0.18913157284259796,0.19296397268772125,0.20514413714408875,0.2086145430803299,0.24304921925067902,0.24555087089538574,0.3774038851261139,0.3694635033607483,0.5972815752029419,0.5695935487747192,0.7886945009231567,0.4115225374698639,0.8485748171806335,0.3669150471687317,0.851489245891571,0.34324437379837036,0.832815945148468,0.3603958189487457,0.8145245313644409,0.8164355754852295,1.1476500034332275,1.0999658107757568,1.4256200790405273,1.41712486743927,1.4634904861450195,1.4680067300796509,1.5279498100280762,1.5114747285842896
0.4147881189982096,0.4113883336385091,0.4088384946187337,0.4181879043579101,0.4258374214172363,0.4113883336385091,0.4207377433776855,0.4275373140970865,0.4317870775858561,0.4215876897176107,0.4317870775858561,0.4368867556254069,0.4402865409851074,0.4326370239257812,0.4402865409851074,0.4419864336649576,0.4428363800048828,0.4402865409851074,0.444536272684733,0.444536272684733,0.4436863263448079,0.4162930523907697,0.3906057569715712,0.3649184615523727,0.3437642132794415,0.3271430121527778,0.3649184615523727,0.3392311661331741,0.3165659021448206,0.2999447010181568,0.3754955715603298,0.3467862447102864,0.3226099650065104,0.3044777481644242,0.3830506783944589,0.3528303075719762,0.3331870750144676,0.318076917860243,0.3875837255407263,0.3634074458369502,0.3498082761411313,0.3377201504177517,0.5890273412068685,0.5796778996785482,0.5703285217285157,0.5686286290486654,0.5660787582397461,0.585627555847168,0.5813778559366862,0.5762781143188477,0.5711784362792969,0.593277104695638,0.5881774266560872,0.5805278778076172,0.5737283070882161,0.5958269119262696,0.5907272338867188,0.5839276631673177,0.577978006998698,0.5966768900553385,0.592427126566569,0.5873274485270182,0.5813778559366862,0.7925364741572627,0.8136907506872106,0.8363559864185475,0.8635543258101852,0.887730633770978,0.8635543258101852,0.8922636809172454,0.9103958695023148,0.9239950109411168,0.8665763572410301,0.8952857123480903,0.9103958695023148,0.9224839952256944,0.8665763572410301,0.890752665201823,0.9028407909252024,0.9134179009331598,0.8635543258101852,0.8816865143952546,0.8922636809172454,0.8998187594943576,0.48511266708374023,0.49507665634155273,0.5030899047851562,0.5077402591705322,0.4749273955821991,0.46952202916145325,0.46270766854286194,0.517612099647522,0.4547436833381653,0.4986051023006439,0.4731644093990326,0.565679132938385,0.413166344165802,0.5862182974815369,0.38965702056884766,0.5874408483505249,0.42474979162216187,0.5912488102912903,0.4284467399120331,0.5795443058013916,0.4305279552936554,0.5743176341056824,0.433931827545166,0.5349884629249573,0.43092432618141174,0.5409766435623169,0.43934541940689087,0.5331547260284424,0.43610212206840515,0.5342181921005249,0.43337228894233704,0.5143764019012451,0.4537923038005829,0.21266812086105347,0.1842392385005951,0.18494734168052673,0.1856338232755661,0.18674100935459137,0.18916085362434387,0.19301007688045502,0.20512251555919647,0.2087182104587555,0.24301652610301971,0.24556009471416473,0.37740495800971985,0.3694825768470764,0.5973454117774963,0.5695909261703491,0.7887268662452698,0.41156864166259766,0.848599910736084,0.3670397400856018,0.8515219688415527,0.3433856666088104,0.83283931016922,0.360508531332016,0.8145607709884644,0.8164827227592468,1.1478511095046997,1.1001211404800415,1.425599217414856,1.4179176092147827,1.463418960571289,1.4689463376998901,1.527955174446106,1.5127503871917725
0.4148162523905436,0.4105663617451985,0.4088664054870605,0.4173661867777506,0.4258659680684407,0.4114163398742675,0.4207660992940267,0.4267159461975097,0.4318158149719238,0.4224660555521647,0.4318158149719238,0.4369156837463379,0.4403155962626139,0.4326657931009928,0.4403155962626139,0.442015552520752,0.442865530649821,0.4403155962626139,0.44371550877889,0.444565486907959,0.44371550877889,0.4163249828197338,0.3906367549189815,0.3649485270182291,0.3437935158058449,0.3256606490523727,0.3649485270182291,0.3392602991174768,0.3165942156756365,0.2999724211516203,0.3755260326244213,0.3453045880353009,0.3211274323640046,0.3029945656105324,0.3830813937717013,0.352859949182581,0.3317049379701967,0.3165942156756365,0.3876146104600694,0.3634374547887731,0.349837804723669,0.3362381546585648,0.5890617370605469,0.5797120412190755,0.5703622182210286,0.5686622619628906,0.5661123911539714,0.5856618245442708,0.5814119974772135,0.5763121287027995,0.5712122599283854,0.5933116912841797,0.5873617808024089,0.5805619557698568,0.5737621307373046,0.5958615620930989,0.5907616933186849,0.5839618682861328,0.5780120849609375,0.5967116038004557,0.5924616495768229,0.5873617808024089,0.5814119974772135,0.7925819679542824,0.8137369791666667,0.8364030626085069,0.8636023627387153,0.8877795184100116,0.8636023627387153,0.8923127350983796,0.910445601851852,0.924045251916956,0.8666245071976273,0.8953348795572916,0.910445601851852,0.9225341796875,0.8666245071976273,0.8908016628689236,0.9028902407045718,0.913467746310764,0.8636023627387153,0.8817352294921875,0.8923127350983796,0.8998680962456598,0.48508796095848083,0.4950428009033203,0.5030616521835327,0.5077296495437622,0.47492629289627075,0.4695224165916443,0.4627046287059784,0.5175908207893372,0.45476701855659485,0.49858200550079346,0.473165363073349,0.5656779408454895,0.41320279240608215,0.5862187743186951,0.3896484375,0.587446391582489,0.42471468448638916,0.591252863407135,0.4284150004386902,0.5795469284057617,0.43047773838043213,0.5743243098258972,0.4338345229625702,0.5350342392921448,0.4309329390525818,0.5411896109580994,0.43934622406959534,0.5335214138031006,0.43614891171455383,0.5346667766571045,0.43346965312957764,0.5144146084785461,0.45380526781082153,0.21264959871768951,0.18423721194267273,0.18494325876235962,0.18563157320022583,0.18674729764461517,0.18917423486709595,0.19302543997764587,0.20511749386787415,0.2087356001138687,0.24300406873226166,0.24556823074817657,0.37743112444877625,0.3695160448551178,0.5973908305168152,0.569473385810852,0.7887659072875977,0.41152361035346985,0.8486729264259338,0.36706191301345825,0.8516251444816589,0.3433992862701416,0.8329117894172668,0.360504150390625,0.8146233558654785,0.8165091276168823,1.147916316986084,1.1001828908920288,1.425114393234253,1.4179247617721558,1.4625273942947388,1.4689311981201172,1.5275959968566895,1.5128991603851318
0.4140024185180664,0.4106032053629557,0.4089035987854004,0.4174015998840332,0.4258996327718099,0.4114529927571614,0.4208008130391439,0.4267494201660156,0.4318482081095378,0.4216506004333496,0.4318482081095378,0.4369470278422038,0.4403462409973144,0.4326980272928873,0.4403462409973144,0.4420458475748698,0.4428956349690755,0.4403462409973144,0.4437454223632812,0.4445952415466309,0.4437454223632812,0.417873947708695,0.3906802989818431,0.3649974399142795,0.3438468367965133,0.3257177564832899,0.3634866785120081,0.339314552589699,0.3166532163266782,0.2985241360134548,0.3740619800708912,0.3453575981987847,0.3211854722764757,0.3030563919632523,0.3831265202275029,0.352911376953125,0.3317607738353588,0.3166532163266782,0.3876588044343171,0.3634866785120081,0.3483791210033275,0.336293058042173,0.5890613555908203,0.5797135670979817,0.5703657786051433,0.568666140238444,0.5661167780558268,0.5848123550415039,0.5805633544921875,0.5763143539428711,0.571215565999349,0.5933103561401367,0.5882115681966146,0.5805633544921875,0.5737649917602539,0.5958597819010417,0.5907609939575196,0.5839625676472981,0.5780139923095703,0.5967095692952474,0.592460568745931,0.5873617808024089,0.581413205464681,0.7925417299623843,0.8136923330801504,0.8363536693431713,0.8635473180700232,0.8877193874782986,0.8635473180700232,0.8922516999421296,0.910380780255353,0.9224668149594908,0.8665687843605324,0.8952731662326389,0.910380780255353,0.9224668149594908,0.8665687843605324,0.8907409102828414,0.9028270015010128,0.9134023030598958,0.8635473180700232,0.8816763983832465,0.8922516999421296,0.8998054786964699,0.48505908250808716,0.49501389265060425,0.5030445456504822,0.5077229142189026,0.4749230444431305,0.469522088766098,0.46269941329956055,0.5175814628601074,0.45478737354278564,0.4985707104206085,0.4731658697128296,0.5656868815422058,0.4132308065891266,0.5862289071083069,0.38963329792022705,0.5874526500701904,0.42472466826438904,0.5912524461746216,0.4283749461174011,0.5795503258705139,0.4304298162460327,0.5743287205696106,0.4337799847126007,0.5351079106330872,0.43097156286239624,0.541276216506958,0.4393479526042938,0.5337932705879211,0.4361419975757599,0.5349313020706177,0.43346187472343445,0.5147408843040466,0.45373135805130005,0.21261340379714966,0.18423299491405487,0.18493521213531494,0.1856229156255722,0.18675382435321808,0.18918642401695251,0.19303902983665466,0.20508544147014618,0.20875781774520874,0.2429732382297516,0.2455742508172989,0.3774314820766449,0.36954161524772644,0.5974128246307373,0.5694267749786377,0.7888507843017578,0.411575585603714,0.8488882184028625,0.3671169579029083,0.8518437147140503,0.34346872568130493,0.8330671787261963,0.3605637550354004,0.8146660923957825,0.8164678812026978,1.1484791040420532,1.1006262302398682,1.4251186847686768,1.418053150177002,1.4625129699707031,1.469009518623352,1.5276274681091309,1.5131609439849854
0.413866106669108,0.4104657491048177,0.4087655703226725,0.4172664960225423,0.4257674217224121,0.4113158543904622,0.4206668535868327,0.4274676005045573,0.4317180633544922,0.4215169588724772,0.4317180633544922,0.4368186314900716,0.4402189890543619,0.4325681686401367,0.4402189890543619,0.4419191678365071,0.4427692731221517,0.4402189890543619,0.4436193466186523,0.4444694519042969,0.4436193466186523,0.4162108809859664,0.3905192057291666,0.3648275022153501,0.3436696370442708,0.3255343401873553,0.3648275022153501,0.3391358269585503,0.3164666917588976,0.2998426649305555,0.3754064489293982,0.3451809353298611,0.321000501844618,0.3028652049877025,0.3829628273292824,0.3527373137297453,0.3315794485586661,0.3164666917588976,0.3874966374150029,0.3633162321867766,0.3482034753870081,0.3361132586443865,0.5889851888020833,0.579634157816569,0.5702831268310546,0.5685829798380534,0.5660326639811198,0.5855848312377929,0.5813343683878581,0.5762338002522787,0.5711332321166992,0.5932356516520182,0.5881350835164388,0.5804842631022136,0.5736835479736329,0.5957859039306641,0.5906853993733724,0.5838846206665039,0.5779340108235677,0.5966360092163085,0.5923855463663737,0.5872849782307943,0.5821844736735026,0.7925185592086227,0.8136763961226852,0.8363455313223379,0.8620372630931713,0.8862176400643808,0.863548504864728,0.8922627766927084,0.910398073549624,0.923999532063802,0.866571044921875,0.8952853167498553,0.910398073549624,0.9224882902922452,0.866571044921875,0.8907514784071181,0.9028416951497396,0.9134206136067708,0.863548504864728,0.8816838017216435,0.8922627766927084,0.8998191550925926,0.48505306243896484,0.49499744176864624,0.5030328035354614,0.5077210068702698,0.47492292523384094,0.4695245623588562,0.4626980721950531,0.5175697803497314,0.4548044204711914,0.4985736310482025,0.4731678366661072,0.5656900405883789,0.41333314776420593,0.5862292051315308,0.3896208703517914,0.5874580144882202,0.42472806572914124,0.5912510752677917,0.4282970428466797,0.5795530080795288,0.43039172887802124,0.5743448138237,0.4337250888347626,0.5351161956787109,0.4309832453727722,0.5412489771842957,0.43930134177207947,0.5335529446601868,0.436085045337677,0.534735381603241,0.4334307312965393,0.5136576890945435,0.4535253345966339,0.2125680297613144,0.18422801792621613,0.1849314421415329,0.18562062084674835,0.1867571920156479,0.18920278549194336,0.1930568814277649,0.20507431030273438,0.20876970887184143,0.24292846024036407,0.2455783486366272,0.377439945936203,0.3694607615470886,0.5974224209785461,0.5691353678703308,0.7889039516448975,0.41160479187965393,0.8490013480186462,0.3671462833881378,0.8520013689994812,0.34351804852485657,0.8331928849220276,0.3606085777282715,0.8147043585777283,0.816340982913971,1.1494848728179932,1.1006602048873901,1.4252514839172363,1.417969822883606,1.4625294208526611,1.4688009023666382,1.5278619527816772,1.5131646394729614
0.4138845761617025,0.410485045115153,0.4087852795918782,0.4172841072082519,0.4257829030354818,0.4113349278767904,0.4206836064656575,0.4274826685587565,0.4325819333394368,0.4223833719889323,0.4317320505777994,0.4368313471476236,0.4402308464050293,0.4325819333394368,0.4402308464050293,0.441930611928304,0.4427804946899414,0.4402308464050293,0.4436303774515788,0.4444802602132161,0.4436303774515788,0.4178102846498842,0.3906141210485387,0.3649288601345486,0.3437762790256076,0.3256455032913773,0.3649288601345486,0.3407545019079138,0.3180910181116175,0.3014711450647425,0.3755051506890191,0.3467980844003183,0.3226237261736834,0.3044929504394531,0.3830596358687789,0.3528416668927228,0.3331999884711371,0.3180910181116175,0.3875923439308449,0.3634179574471933,0.3498198897750289,0.3362217938458478,0.5889598846435546,0.5796112060546875,0.5702625274658203,0.5685627619425456,0.5660131454467774,0.5855603535970052,0.5813109715779622,0.576211675008138,0.5711124420166016,0.5932093302408854,0.5881100336710612,0.5804611206054687,0.5736620585123698,0.5957589467366536,0.5906596501668294,0.5838605880737304,0.5779114405314127,0.5966087977091471,0.5923594156901042,0.58726011912028,0.5821608861287435,0.7940239235206886,0.8136656019422743,0.8363290857385706,0.8635252210828993,0.8861887048791957,0.8635252210828993,0.8922323156286169,0.9103630913628472,0.9239611590350116,0.86654702645761,0.8952541210033276,0.9103630913628472,0.9224502563476562,0.86654702645761,0.8907214129412616,0.9028085779260706,0.9133848967375578,0.8635252210828993,0.8816559968171296,0.8922323156286169,0.89978677255136,0.4850485920906067,0.49499383568763733,0.5030325055122375,0.5077265501022339,0.47493016719818115,0.469535231590271,0.4627024531364441,0.5175651907920837,0.45481860637664795,0.49857738614082336,0.4731781780719757,0.5656902194023132,0.4133933186531067,0.586234986782074,0.38961154222488403,0.5874682664871216,0.42469522356987,0.5912516117095947,0.4281914532184601,0.5795565843582153,0.4303234815597534,0.5743615627288818,0.4336712062358856,0.535122275352478,0.4309966266155243,0.541146993637085,0.43900594115257263,0.5334829688072205,0.4357004165649414,0.5346603393554688,0.4331055283546448,0.5135895609855652,0.45303013920783997,0.21253421902656555,0.1842229664325714,0.18492910265922546,0.18561983108520508,0.18675702810287476,0.1892138123512268,0.19306741654872894,0.20507293939590454,0.20879019796848297,0.24289853870868683,0.2455739974975586,0.3774411976337433,0.36946606636047363,0.5974330902099609,0.5690845251083374,0.7889538407325745,0.4116199016571045,0.8490892052650452,0.3671831488609314,0.8521052002906799,0.34354662895202637,0.8332915902137756,0.3606485426425934,0.8148692846298218,0.8163530826568604,1.149567723274231,1.1007455587387085,1.4257959127426147,1.418243408203125,1.4630759954452515,1.4689991474151611,1.5287755727767944,1.513848066329956
0.4137966791788737,0.411247444152832,0.4095479329427083,0.4171956380208333,0.4256930987040201,0.411247444152832,0.4205946286519368,0.4273926099141439,0.4324910799662272,0.4222941080729167,0.4316413243611653,0.4367397944132486,0.4401387850443522,0.4324910799662272,0.4401387850443522,0.4426880200703939,0.4426880200703939,0.4401387850443522,0.4435377756754557,0.4443874994913737,0.4435377756754557,0.4194542778862847,0.3937730577256944,0.3680918658221209,0.3484532956723813,0.3333466989022714,0.3680918658221209,0.3424106456615307,0.3197507787633825,0.3031335336190683,0.3801771375868055,0.3514746206778067,0.3257934005172164,0.3076655069986979,0.3877304359718605,0.3575172424316406,0.337878672281901,0.3212614271375868,0.3922624093514901,0.3680918658221209,0.352985269052011,0.3424106456615307,0.5896940231323242,0.5794970830281575,0.5701498667399089,0.5684503555297852,0.5659011205037435,0.5854452768961589,0.5811965942382813,0.5760980606079101,0.5709995905558268,0.5930929819742838,0.5879945119222005,0.5803468068440755,0.5735488255818685,0.5964920043945312,0.5905437469482422,0.583745829264323,0.5777975718180338,0.5973417282104492,0.5922432581583659,0.5871447881062826,0.5820463180541993,0.7940976743344907,0.8137362444842303,0.836396167896412,0.8635880081741898,0.887758551703559,0.8635880081741898,0.8922905250831886,0.9104184186017072,0.924014338740596,0.8666093049225984,0.8953118218315972,0.9104184186017072,0.9225037186234084,0.8666093049225984,0.8907798484519676,0.9028651484736688,0.9134397718641492,0.8635880081741898,0.8817159016927083,0.8922905250831886,0.8998437952112268,0.4850449562072754,0.4949897825717926,0.503030002117157,0.5077287554740906,0.4749356806278229,0.46954262256622314,0.4627050459384918,0.517561137676239,0.45482367277145386,0.498583048582077,0.473184734582901,0.5656934976577759,0.41338205337524414,0.5862352848052979,0.3895311951637268,0.5874737501144409,0.42447102069854736,0.5912505388259888,0.42809221148490906,0.5795596241950989,0.43022340536117554,0.5743675231933594,0.43332237005233765,0.5351305603981018,0.431006520986557,0.5408650636672974,0.43872717022895813,0.5333619713783264,0.4351350963115692,0.5345486998558044,0.43241599202156067,0.5135284066200256,0.4528551399707794,0.21251486241817474,0.18421204388141632,0.18492120504379272,0.18561342358589172,0.18675163388252258,0.18921731412410736,0.1930665522813797,0.2050667703151703,0.20880824327468872,0.24284031987190247,0.24555855989456177,0.3774704337120056,0.36927130818367004,0.5975515246391296,0.5691874623298645,0.7890106439590454,0.41171330213546753,0.8492088913917542,0.3674614727497101,0.8522148132324219,0.3437947928905487,0.8333823680877686,0.360761821269989,0.8150348663330078,0.8163994550704956,1.1496564149856567,1.101170539855957,1.4263726472854614,1.4186400175094604,1.463858723640442,1.4692806005477905,1.5293203592300415,1.5146015882492065
0.4126904487609863,0.4109907786051432,0.4101409594217936,0.419489065806071,0.4288372039794922,0.4118405977884928,0.4220385551452636,0.4288372039794922,0.4339361826578776,0.4220385551452636,0.4330863316853841,0.439035161336263,0.4415846188863118,0.4322365125020345,0.4407347997029622,0.4441341082255045,0.4441341082255045,0.4398849805196126,0.4441341082255045,0.444983959197998,0.4441341082255045,0.4284102263274016,0.3997048554597077,0.3725103307653356,0.3513590212221499,0.3317185295952691,0.3755319383409288,0.3513590212221499,0.3302077116789641,0.3135888276276765,0.3876183969003183,0.3589130542896412,0.3347401371708622,0.3166104352032697,0.3966832478841146,0.3664670873571325,0.3468265957302517,0.3302077116789641,0.4012156733760127,0.3785535741735388,0.3634454797815393,0.3528698391384549,0.5894549051920573,0.5792569478352865,0.5699088414510091,0.5690590540568033,0.5656597137451171,0.5852057774861653,0.5809566497802734,0.5767074584960937,0.5707586924235026,0.5928542455037434,0.5877552668253581,0.5801067988077799,0.5733081817626953,0.5962535858154296,0.5903047561645508,0.5835061391194661,0.5775573094685872,0.5971033732096355,0.5928542455037434,0.5869054158528646,0.5818064371744792,0.7940256754557292,0.81366616708261,0.8363282945421007,0.8635227909794561,0.887695708098235,0.8635227909794561,0.8922281335901331,0.9103578355577256,0.9239551120334202,0.866544426812066,0.895249769422743,0.9103578355577256,0.922444322374132,0.866544426812066,0.8907173439308449,0.9028038307472512,0.9133794713903356,0.8635227909794561,0.8816524929470486,0.8922281335901331,0.9012929845739294,0.4850432574748993,0.4950025677680969,0.5030508637428284,0.5077416896820068,0.4749443233013153,0.4695500135421753,0.4627079665660858,0.5175600647926331,0.4548341929912567,0.49859803915023804,0.4731990396976471,0.5657046437263489,0.41289299726486206,0.5862385034561157,0.3879256248474121,0.5874844789505005,0.42423513531684875,0.5912621021270752,0.4280405342578888,0.5795851945877075,0.4302518963813782,0.5743879675865173,0.4332970976829529,0.5351415872573853,0.43088191747665405,0.5404170155525208,0.43799716234207153,0.5333544015884399,0.43460607528686523,0.5345463156700134,0.4319479167461395,0.5134717226028442,0.45234671235084534,0.21249720454216003,0.18422392010688782,0.18494059145450592,0.1856285035610199,0.18674911558628082,0.18921443819999695,0.19301868975162506,0.2050826996564865,0.20870469510555267,0.2428351491689682,0.24552465975284576,0.3775421977043152,0.3692781925201416,0.5975906848907471,0.5691637396812439,0.789026141166687,0.4142111539840698,0.8492288589477539,0.37197554111480713,0.8522272706031799,0.3479253053665161,0.8333946466445923,0.363057017326355,0.8151910305023193,0.8164196014404297,1.1493556499481201,1.101194143295288,1.4260987043380737,1.4186702966690063,1.4636634588241577,1.4692872762680054,1.5288962125778198,1.5147522687911987
0.4105482419331868,0.4096982955932617,0.4096982955932617,0.4190476735432942,0.429246966044108,0.4122481346130371,0.4241473197937012,0.4317967732747396,0.4385963122049967,0.4224474271138509,0.4334966659545898,0.4411461194356282,0.4462457656860351,0.4309468269348144,0.4411461194356282,0.4462457656860351,0.4487956047058105,0.4385963122049967,0.4453958511352539,0.4470957120259602,0.4479456583658854,0.4435656794795283,0.4163675661440248,0.3876584370930989,0.3695263615360966,0.3574383205837673,0.3891694528085214,0.3649933426468461,0.3453502513744212,0.3287291915328414,0.4027685094762731,0.3770814118561921,0.3544162891529224,0.3347732261375145,0.4133455629701967,0.3861474496346933,0.3649933426468461,0.3483722828052662,0.4193895975748697,0.3967244748716001,0.3816144307454427,0.3680153740776909,0.5890359242757162,0.5796865463256836,0.5703371683756511,0.5694872538248698,0.5660874684651692,0.5856361389160156,0.5813864390055339,0.5762867609659831,0.57118714650472,0.5932856241861979,0.5881859461466471,0.5805364608764648,0.5737369537353516,0.5958354314168294,0.5907357533772787,0.5839362462361654,0.5779866536458333,0.5966853459676107,0.592435646057129,0.5873360315958659,0.5813864390055339,0.794119206181279,0.8137622974537037,0.8364274201569734,0.8636255334924768,0.8878016153971354,0.8636255334924768,0.8923346625434028,0.9104667381004052,0.92406576651114,0.8666475084092882,0.8953566374602141,0.9104667381004052,0.9225548073097511,0.8666475084092882,0.8908236468279803,0.9044226752387152,0.9134887130172163,0.8651365492078993,0.8817576090494792,0.8923346625434028,0.901400700321904,0.4850800633430481,0.4951591193675995,0.5031816959381104,0.5078130960464478,0.4750223159790039,0.46964630484580994,0.4628903269767761,0.5177305936813354,0.4549771547317505,0.49869611859321594,0.4733717739582062,0.5659477710723877,0.4119601249694824,0.5862515568733215,0.38419049978256226,0.5874894857406616,0.4241395592689514,0.5912924408912659,0.4280717968940735,0.5795891284942627,0.43076416850090027,0.5743906497955322,0.43341585993766785,0.5351494550704956,0.4306034743785858,0.5400516390800476,0.43552398681640625,0.5333506464958191,0.4316047728061676,0.5345704555511475,0.4288662075996399,0.5132075548171997,0.4499526917934418,0.21248824894428253,0.18423892557621002,0.18494780361652374,0.18562398850917816,0.18675535917282104,0.1892198771238327,0.19300945103168488,0.20505161583423615,0.20856253802776337,0.24281944334506989,0.2454700917005539,0.3781379461288452,0.3692847788333893,0.5982893109321594,0.5692204833030701,0.7890641093254089,0.42536666989326477,0.8493272662162781,0.38215604424476624,0.8522557020187378,0.3597375750541687,0.8334043622016907,0.3728595972061157,0.8184050917625427,0.8191362619400024,1.1493667364120483,1.1014834642410278,1.4283419847488403,1.4194775819778442,1.4664233922958374,1.4696627855300903,1.531032919883728,1.5162535905838013
0.4081792831420898,0.4090291659037272,0.4124287287394205,0.4243272463480631,0.4353758494059245,0.4141285260518392,0.4268769264221191,0.4370756467183431,0.4455745697021484,0.4226274490356445,0.4362257321675618,0.4464244524637858,0.452373727162679,0.4311263720194498,0.4430248896280924,0.449824047088623,0.4540734926859537,0.4370756467183431,0.4455745697021484,0.449824047088623,0.452373727162679,0.4616331029821325,0.4344365155255353,0.4057290253815827,0.3860870361328125,0.3694669087727865,0.4072399280689381,0.3891088980215567,0.3724887424045139,0.3573795459888599,0.4238600554289641,0.4011962608054832,0.3815542715567129,0.3649341441966869,0.4374583491572627,0.4132836235894097,0.3936416343406395,0.3785324379249855,0.4465238783094618,0.4253709863733362,0.4102617899576823,0.3966634962293837,0.5892065048217774,0.5798576990763347,0.5705088297526042,0.5696589787801106,0.5662593841552734,0.5849570592244466,0.5807075500488281,0.5764581044514974,0.5713587443033854,0.5926060994466146,0.5875067392985026,0.5807075500488281,0.5739084243774414,0.596005630493164,0.590906270345052,0.5841071446736653,0.5781578699747721,0.5968555450439453,0.5926060994466146,0.5875067392985026,0.5815574645996093,0.7940357349537037,0.8136776959454571,0.8378524215133102,0.8635381062825521,0.8877128318504051,0.8650490089699074,0.8922455964265046,0.9103766547309028,0.9239749484592014,0.8665599681712963,0.8952674583152488,0.9103766547309028,0.922464045771846,0.8665599681712963,0.8907346937391493,0.904332987467448,0.913398516619647,0.8650490089699074,0.8816691645869502,0.8922455964265046,0.9013111255787036,0.4850775897502899,0.49538281559944153,0.5033580660820007,0.5079135894775391,0.47507229447364807,0.4696958363056183,0.46299058198928833,0.5180861353874207,0.4551171362400055,0.4987368881702423,0.4733964502811432,0.5662420988082886,0.4110499620437622,0.5862540006637573,0.37916263937950134,0.5875022411346436,0.4223688840866089,0.5913363695144653,0.4279956817626953,0.5796291828155518,0.43085116147994995,0.5744020342826843,0.43336930871009827,0.5351970791816711,0.4304724931716919,0.5400353074073792,0.43490463495254517,0.5332435369491577,0.43028005957603455,0.5343033075332642,0.427299827337265,0.5132685303688049,0.449872225522995,0.21247272193431854,0.18427114188671112,0.18496236205101013,0.18562856316566467,0.18678191304206848,0.18924576044082642,0.19300656020641327,0.20505741238594055,0.20827534794807434,0.24279719591140747,0.24517443776130676,0.3789520859718323,0.36947062611579895,0.5986834764480591,0.5715381503105164,0.7890766859054565,0.44928911328315735,0.8493478298187256,0.4156700074672699,0.8522698283195496,0.39094024896621704,0.8333972096443176,0.4014555811882019,0.8220001459121704,0.8223851919174194,1.1493502855300903,1.103364109992981,1.4298999309539795,1.423153281211853,1.4688634872436523,1.47273850440979,1.533189058303833,1.5219863653182983
0.4053206125895182,0.4104221026102702,0.4172240575154622,0.4333786964416504,0.4444319089253744,0.4163737932840983,0.4325284639994303,0.4452821413675944,0.4554850896199544,0.4231757799784342,0.4393304189046224,0.4520840962727864,0.4605865478515625,0.4291274706522623,0.4444319089253744,0.4546348253885905,0.4614368120829264,0.4342289606730143,0.4452821413675944,0.4520840962727864,0.4571855862935384,0.486946388527199,0.461250079119647,0.432530692771629,0.4143921181007667,0.3962535434299045,0.4385768749095775,0.4234614054361979,0.4113690129032841,0.4022997538248697,0.456715421323423,0.4400884275083189,0.4249729580349392,0.4098574885615596,0.473342443395544,0.4552038969816985,0.4385768749095775,0.4249729580349392,0.485434807671441,0.4688078138563368,0.4552038969816985,0.4415999518500434,0.5889735539754232,0.5796208699544271,0.570268185933431,0.5694179534912109,0.566016960144043,0.5847223281860352,0.5813213348388672,0.5762198766072592,0.571118418375651,0.5932247797648112,0.5872730890909831,0.5804711023966471,0.5736691792805989,0.5957755406697591,0.590674082438151,0.583021863301595,0.5770701090494792,0.5966257731119792,0.591524314880371,0.586422856648763,0.5813213348388672,0.7953019318757234,0.8149520308883101,0.8376252350983796,0.8633215445059317,0.8875062730577257,0.8648330688476562,0.893552483452691,0.9101794772677952,0.9237834223994502,0.8678561740451389,0.8965755886501736,0.9101794772677952,0.922271841543692,0.8678561740451389,0.8920409025969329,0.9041333233868636,0.9132025824652776,0.8663446497034144,0.8829716435185185,0.8920409025969329,0.9011102181893808,0.48508355021476746,0.4957503378391266,0.5036237835884094,0.5081081986427307,0.47515371441841125,0.46977075934410095,0.46312087774276733,0.5183637142181396,0.4553094804286957,0.4988275170326233,0.47344064712524414,0.5664350986480713,0.41039952635765076,0.5862452387809753,0.3746236264705658,0.5875030755996704,0.4205111563205719,0.5913406014442444,0.42797067761421204,0.5796510577201843,0.4312019646167755,0.5744072794914246,0.4333593249320984,0.5352059602737427,0.4304744601249695,0.5400915741920471,0.43430277705192566,0.5334481000900269,0.4301013648509979,0.5344946384429932,0.42716771364212036,0.5137825608253479,0.44980937242507935,0.21220090985298157,0.18427380919456482,0.18496443331241608,0.18563184142112732,0.18671131134033203,0.18905362486839294,0.19251586496829987,0.2051094025373459,0.2075558602809906,0.24250304698944092,0.24346387386322021,0.3796308636665344,0.36956334114074707,0.599162757396698,0.5757811665534973,0.7890889644622803,0.4787421226501465,0.8493773341178894,0.4498898983001709,0.852281928062439,0.4252409040927887,0.8333659768104553,0.4366096556186676,0.8236252665519714,0.8246936202049255,1.149156928062439,1.1052186489105225,1.4313781261444092,1.4261621236801147,1.4708969593048096,1.475918173789978,1.536016583442688,1.5243737697601318
0.3998517354329427,0.4100534756978353,0.4219555219014486,0.4364079793294271,0.4483100255330404,0.4202552159627278,0.4372581481933594,0.4508604685465495,0.4627624829610189,0.4236558278401692,0.4423590024312337,0.4559613227844238,0.4670132001241048,0.4262062390645345,0.4449094454447428,0.4568114598592122,0.4670132001241048,0.4304569880167643,0.4440593083699544,0.4525607426961263,0.461062208811442,0.5215315642180266,0.495838306568287,0.4701450206615307,0.4595654240360966,0.4459631178114149,0.4792132342303241,0.4731677585177951,0.4671222828052662,0.4595654240360966,0.501883782280816,0.4928155404550058,0.4822359438295717,0.4731677585177951,0.5200202094184028,0.5079292579933449,0.4973496613679108,0.485258709942853,0.5351338704427083,0.5215315642180266,0.5124633223922165,0.5033951370804398,0.5894341150919596,0.5792323430379231,0.5698808034261068,0.5690306345621745,0.5664801915486654,0.5851833979288737,0.5809326807657877,0.5758317947387696,0.5707309087117513,0.5928346633911132,0.5877338409423828,0.5800825119018554,0.5732813517252604,0.5953851064046224,0.5902842839558919,0.5834831237792969,0.5775320688883464,0.5962352752685547,0.5919845581054688,0.5868836720784505,0.5809326807657877,0.7950893825954861,0.8147371645326967,0.8374077125831887,0.8631009702329282,0.887282873083044,0.864612325032552,0.8933283487955729,0.9114647759331598,0.9235557273582176,0.8676350911458334,0.8963511149088542,0.9099534211335358,0.9235557273582176,0.8676350911458334,0.891816993995949,0.9039079454210068,0.9129761307327836,0.8661237363462095,0.8827487521701389,0.891816993995949,0.9008851793077256,0.48515042662620544,0.49647465348243713,0.5039795637130737,0.5084390044212341,0.47537484765052795,0.469939261674881,0.46348342299461365,0.5189256072044373,0.45569756627082825,0.4989577829837799,0.4737595021724701,0.5666739344596863,0.4097389578819275,0.586250901222229,0.36918899416923523,0.5875060558319092,0.41390135884284973,0.5913379192352295,0.4279462397098541,0.579673707485199,0.43091100454330444,0.5744390487670898,0.4306613802909851,0.535119354724884,0.4304770827293396,0.5395281314849854,0.4339858889579773,0.5327909588813782,0.4294489026069641,0.5334480404853821,0.4264453053474426,0.5138831734657288,0.4495140016078949,0.21167291700839996,0.18419186770915985,0.18487083911895752,0.18554902076721191,0.18645529448986053,0.18862371146678925,0.19169007241725922,0.20510868728160858,0.20647935569286346,0.24213290214538574,0.24196533858776093,0.3808213770389557,0.37091702222824097,0.599570631980896,0.5801386833190918,0.7891086935997009,0.51189124584198,0.8494453430175781,0.49916574358940125,0.8523236513137817,0.4678446352481842,0.8333768248558044,0.4731406569480896,0.8253298997879028,0.8281686902046204,1.1491302251815796,1.1069285869598389,1.4341168403625488,1.4300376176834106,1.4736047983169556,1.479297161102295,1.5412958860397339,1.5300819873809814
0.3961001714070638,0.4097017288208008,0.4250034650166829,0.4394551277160644,0.4522065798441569,0.4216030756632486,0.440305233001709,0.4539067586263021,0.4658081372578939,0.4216030756632486,0.4411553064982096,0.4573071479797363,0.4692085266113281,0.4216030756632486,0.4411553064982096,0.4556069691975911,0.467508316040039,0.4233032862345378,0.4386050224304199,0.4488061904907227,0.4590073585510253,0.557927562572338,0.5367695561161747,0.5186342027452256,0.5186342027452256,0.5110777678313079,0.5337470160590277,0.5367695561161747,0.5367695561161747,0.5367695561161747,0.5564162642867477,0.557927562572338,0.5549049660011575,0.5503711276584201,0.5760629724573206,0.5745516741717304,0.5685065375434027,0.5639726992006655,0.5896644874855325,0.5866419474283854,0.5805968108000579,0.5745516741717304,0.5890721638997396,0.5797211329142252,0.5703700383504232,0.5695199330647787,0.5661195755004883,0.5848217010498047,0.5814212799072266,0.5763207117716471,0.5712201436360677,0.5924725850423177,0.5873720169067382,0.5797211329142252,0.5729203542073568,0.5958729426066081,0.5899222691853842,0.5831214904785156,0.5771708170572917,0.5967230478922526,0.5916224797566731,0.5865219116210938,0.5814212799072266,0.7951990198206018,0.8148457279911747,0.8375149762188947,0.8632068210177951,0.8888986093026621,0.8647180627893518,0.8934324476453993,0.9100566157588252,0.9236581307870372,0.8662293610749421,0.8964550442165798,0.9100566157588252,0.9221468325014468,0.8677406593605325,0.8919212058738426,0.9040114791304976,0.9145904541015624,0.8662293610749421,0.8828534726743344,0.8934324476453993,0.9025001808449076,0.4855786859989166,0.497453898191452,0.5043823719024658,0.5088595151901245,0.4759562313556671,0.4703589379787445,0.46431440114974976,0.5193929672241211,0.4562719762325287,0.49943673610687256,0.4745282828807831,0.5670859217643738,0.40970802307128906,0.5862535238265991,0.36722269654273987,0.5875101685523987,0.4104888141155243,0.5911986827850342,0.4279142916202545,0.5796787142753601,0.431314617395401,0.5744985342025757,0.43048080801963806,0.5350101590156555,0.4304751753807068,0.5395614504814148,0.4335227906703949,0.5327794551849365,0.4284672141075134,0.5333138704299927,0.4249940812587738,0.5140551328659058,0.44952815771102905,0.2110346108675003,0.18409694731235504,0.1847486048936844,0.1854110062122345,0.18606097996234894,0.1879889965057373,0.19054348766803741,0.20493508875370026,0.2053087055683136,0.24115346372127533,0.24064043164253235,0.38127294182777405,0.3715473413467407,0.6002488732337952,0.5805155634880066,0.7892280220985413,0.5449644327163696,0.8501207828521729,0.5615806579589844,0.8531516790390015,0.5245773196220398,0.8340599536895752,0.518753707408905,0.8272687196731567,0.8295431137084961,1.150484323501587,1.1077969074249268,1.440388560295105,1.4301886558532715,1.479280710220337,1.4790716171264648,1.5454127788543701,1.5298734903335571
0.3938171704610189,0.4108184178670247,0.4269696235656738,0.4397205670674642,0.454171625773112,0.4235693613688151,0.4388704935709635,0.4516214370727539,0.4626722653706868,0.4184689839680989,0.4371703783671061,0.4516214370727539,0.4643723805745443,0.4159187952677409,0.4337701161702474,0.4473711331685384,0.4592720031738281,0.4150687535603841,0.4286697387695312,0.4397205670674642,0.4499213218688965,0.5941750985604746,0.5851077609592014,0.5775516086154514,0.5881301879882812,0.5911526150173612,0.5987087673611111,0.6123097737630209,0.6198658695927373,0.6243995383933738,0.6198658695927373,0.6319556342230903,0.6364893030237269,0.6395117865668403,0.6349781177662037,0.645556640625,0.6485791241681135,0.6500903094256366,0.6470678823965567,0.6546239782262732,0.6576464617693866,0.6576464617693866,0.5893316268920898,0.579980977376302,0.5706302642822265,0.5697802225748698,0.5663799285888672,0.5850813547770183,0.5808310190836589,0.5757306416829427,0.5714803059895833,0.5927318572998047,0.5876314798990886,0.579980977376302,0.5731804529825847,0.5952821095784505,0.5901817321777344,0.5833812077840169,0.5765806833902994,0.5961321512858073,0.5910317738850911,0.585931396484375,0.5808310190836589,0.7951677110460069,0.8148136280201099,0.8374819720232928,0.8646839848271123,0.8888635706018518,0.866195226598669,0.8933972394024884,0.9115319146050348,0.9236216792353876,0.8677064118561921,0.8964196664315683,0.9115319146050348,0.922110437463831,0.8692176536277488,0.8918859976309317,0.9054870040328414,0.9145543416341144,0.866195226598669,0.8828186600296586,0.8933972394024884,0.9024645770037616,0.48584112524986267,0.4979270398616791,0.5045903921127319,0.5090107321739197,0.4762848913669586,0.4706012010574341,0.46474677324295044,0.5196735858917236,0.45662015676498413,0.49978652596473694,0.47497087717056274,0.5677758455276489,0.409723699092865,0.5862560868263245,0.36793676018714905,0.5876187682151794,0.4074491858482361,0.5912001729011536,0.4265642464160919,0.5799373388290405,0.4304710030555725,0.574942409992218,0.4281824231147766,0.5348912477493286,0.4305364489555359,0.5392440557479858,0.4331988990306854,0.5297740697860718,0.4283171594142914,0.5286348462104797,0.4249052107334137,0.512990415096283,0.4496874511241913,0.21028313040733337,0.1839497685432434,0.18458937108516693,0.1851900964975357,0.18553835153579712,0.18722279369831085,0.18928323686122894,0.20469652116298676,0.20433053374290466,0.24012120068073273,0.23892933130264282,0.38242200016975403,0.37201210856437683,0.6018287539482117,0.5792022943496704,0.7895135879516602,0.5924795866012573,0.8512941598892212,0.6223072409629822,0.8536831736564636,0.5955615043640137,0.8343936204910278,0.5817442536354065,0.829809844493866,0.831130862236023,1.1524587869644165,1.1081820726394653,1.4473234415054321,1.431394100189209,1.486405611038208,1.479073166847229,1.5499517917633057,1.5319198369979858
0.3939479827880859,0.4118002573649088,0.4279522895812988,0.4390036900838216,0.4509051958719889,0.4211514155069987,0.4339030265808105,0.4432542165120443,0.4509051958719889,0.4143505732218424,0.4288023948669434,0.4398537953694661,0.4500550905863444,0.4083998044331868,0.4211514155069987,0.433052921295166,0.4432542165120443,0.4041492780049642,0.4126503626505534,0.4211514155069987,0.4305026054382324,0.6334621288158275,0.6364847819010416,0.6410186767578125,0.6606656109845197,0.6757785938404225,0.6651995058412905,0.6878690366391782,0.7029820760091146,0.7165837605794271,0.6818238434968171,0.7044933742947048,0.7196063571506076,0.7316967999493634,0.6939142297815394,0.7135611640082465,0.7271629050925926,0.7377419930917245,0.7014707777235243,0.7180950588650173,0.7301855016637732,0.740764589662905,0.5886226018269857,0.5801214853922526,0.5707703272501627,0.5699202219645182,0.5665198008219401,0.5852221806844076,0.5809715906778972,0.57587095896403,0.5707703272501627,0.5928731282552083,0.5877724965413411,0.5801214853922526,0.5733206431070964,0.5954234441121419,0.5894727071126302,0.5826718648274739,0.5767210642496745,0.5962735493977864,0.5911729176839192,0.5860722859700521,0.5809715906778972,0.7951714974862558,0.814818431712963,0.8389992607964409,0.8646913881655093,0.8888722172489872,0.8662026864510995,0.8949174103913484,0.911541748046875,0.9236321343315972,0.8692252830222801,0.8964287086769387,0.911541748046875,0.9236321343315972,0.8692252830222801,0.8918948138201678,0.905496554904514,0.9145643446180556,0.8662026864510995,0.8828270241066262,0.8934061121057582,0.9024739583333332,0.48620137572288513,0.49833452701568604,0.5047881603240967,0.5091677308082581,0.4766235947608948,0.47087132930755615,0.46519309282302856,0.5199248194694519,0.45689189434051514,0.5001859664916992,0.4756734073162079,0.5680941343307495,0.4102870523929596,0.5862524509429932,0.3690609931945801,0.5877200365066528,0.4045887291431427,0.5912013649940491,0.41808339953422546,0.5801902413368225,0.42684081196784973,0.575300931930542,0.4261876046657562,0.5346105694770813,0.4306287467479706,0.5378742814064026,0.4333970248699188,0.5268186926841736,0.4294637143611908,0.5253027677536011,0.42705532908439636,0.5106726884841919,0.44988730549812317,0.21008113026618958,0.18394219875335693,0.18457989394664764,0.18516583740711212,0.18537139892578125,0.1869591772556305,0.18889084458351135,0.20469097793102264,0.20403634011745453,0.23983317613601685,0.23854903876781464,0.38468363881111145,0.3727109730243683,0.6028358340263367,0.5770570039749146,0.7896867990493774,0.6346192955970764,0.8515866994857788,0.6861251592636108,0.8537227511405945,0.6586203575134277,0.8344125151634216,0.6400852203369141,0.8334924578666687,0.8328501582145691,1.1539489030838013,1.108214259147644,1.4476357698440552,1.434246301651001,1.4862639904022217,1.4819060564041138,1.5495433807373047,1.5338321924209595
0.3957242329915365,0.4110157012939453,0.4263071695963542,0.4331034024556477,0.4441472371419271,0.4178119341532389,0.4263071695963542,0.4322538693745931,0.4382005373636881,0.4084671338399251,0.4178119341532389,0.4263071695963542,0.4331034024556477,0.4008213996887207,0.4084671338399251,0.4169624010721842,0.4229090690612793,0.3940251986185709,0.3974232991536458,0.4008213996887207,0.4050690333048503,0.6757182933666088,0.6893107096354166,0.7029031259042245,0.7300879584418403,0.749721442328559,0.7315982394748264,0.7587830720124421,0.7784165558991609,0.795029534233941,0.7436803747106482,0.77237548828125,0.7920089721679687,0.8086219505027489,0.7512317233615451,0.7769062748661748,0.7965397587528935,0.8116424560546875,0.7542522854275173,0.7738857693142361,0.7889884666160301,0.8040911074037905,0.5894161860148112,0.5800713857014974,0.5715761184692383,0.5698770523071289,0.5673285166422526,0.5860180536905925,0.5817704518636068,0.5758237838745117,0.5715761184692383,0.5928142547607422,0.5877171198527018,0.5800713857014974,0.5732751846313476,0.5953628540039062,0.5894161860148112,0.5826199849446615,0.5766733169555665,0.5962123870849609,0.5911152521769206,0.5860180536905925,0.5800713857014974,0.7965397587528935,0.8161732991536458,0.8388272885923033,0.8645018966109664,0.8886661670826099,0.866012121129919,0.8947072347005208,0.9128304375542536,0.9234023482711228,0.8690326831958912,0.8977277967664931,0.9128304375542536,0.9234023482711228,0.8705429642288773,0.8931969536675347,0.9067893699363426,0.9143407185872396,0.8675224021629051,0.8841353804976851,0.8947072347005208,0.903768864384404,0.48665809631347656,0.49880361557006836,0.5050445795059204,0.5094740390777588,0.4770342707633972,0.47112053632736206,0.4655170142650604,0.5202368497848511,0.4569985568523407,0.500538170337677,0.47611793875694275,0.5684130191802979,0.41061457991600037,0.5862646102905273,0.3696327805519104,0.5880239605903625,0.40379297733306885,0.591246485710144,0.40824413299560547,0.5803387761116028,0.42311951518058777,0.5754375457763672,0.42552247643470764,0.5346314907073975,0.4316510856151581,0.5400125980377197,0.4354548454284668,0.5269992351531982,0.43201401829719543,0.5258033275604248,0.43057939410209656,0.5137917399406433,0.450280100107193,0.20949193835258484,0.1838827133178711,0.18454553186893463,0.18513223528862,0.18489621579647064,0.18633119761943817,0.18793334066867828,0.20469562709331512,0.20350593328475952,0.2394138127565384,0.23807434737682343,0.38652822375297546,0.3736572563648224,0.6033585667610168,0.5772542357444763,0.7898839116096497,0.6739856004714966,0.8520920276641846,0.7356852293014526,0.8537378311157227,0.718956708908081,0.8344183564186096,0.6983293294906616,0.8458707928657532,0.8434715270996094,1.1677322387695312,1.1193593740463257,1.4611880779266357,1.4462515115737915,1.499602198600769,1.4934840202331543,1.5603801012039185,1.543327808380127
0.3932689348856608,0.4077120463053385,0.4213055292765299,0.4272527058919271,0.4357486406962076,0.4111104011535644,0.4162079811096191,0.4213055292765299,0.4247039159138997,0.400915273030599,0.4068624496459961,0.4128095944722493,0.417907174428304,0.3915697415669759,0.3966672897338867,0.4017648696899414,0.4060128529866536,0.3856225649515787,0.3856225649515787,0.3881713549296061,0.389870548248291,0.7178799099392361,0.736004638671875,0.7556397049515335,0.7843371355975116,0.8069929899992766,0.7843371355975116,0.8115241156684028,0.8311592384620949,0.8507943047417534,0.7918890493887442,0.8205864800347222,0.8432423344364872,0.8613670066550926,0.7949098375108506,0.8205864800347222,0.8432423344364872,0.8613670066550926,0.7933994434497974,0.8145449037905093,0.8311592384620949,0.8492839106807002,0.5895252863566081,0.5801797231038411,0.5716838200887044,0.570834223429362,0.5682854334513346,0.5861268997192383,0.5818789164225261,0.5767814000447591,0.5716838200887044,0.5929236729939779,0.5878260930379232,0.5801797231038411,0.5733830134073893,0.5954724629720052,0.5903748830159505,0.5835781097412109,0.5767814000447591,0.5963220596313477,0.5920740763346354,0.5869764963785807,0.5810293197631836,0.7949098375108506,0.8145449037905093,0.8372007581922744,0.8643877947771991,0.8885540432400174,0.8658981888382523,0.8945956194842303,0.9112098976417824,0.9232930501302083,0.8689189769603588,0.8976164076063368,0.9127202917028356,0.9232930501302083,0.8689189769603588,0.893085225423177,0.905168377911603,0.915741079824942,0.8674085828993056,0.8840229175708912,0.8945956194842303,0.9036579838505496,0.48681584000587463,0.4989394545555115,0.5051543712615967,0.5095757842063904,0.4772641062736511,0.47127094864845276,0.46571487188339233,0.5203747153282166,0.4570622146129608,0.5006086230278015,0.47629085183143616,0.5685576796531677,0.4106200039386749,0.5863526463508606,0.3700574040412903,0.5883874297142029,0.39918434619903564,0.5913489460945129,0.39767515659332275,0.5804697275161743,0.41269710659980774,0.5755770206451416,0.4201038181781769,0.5348086953163147,0.43228232860565186,0.5400399565696716,0.43585264682769775,0.5271898508071899,0.43207216262817383,0.5256903767585754,0.43062838912010193,0.5151012539863586,0.4502755403518677,0.20870935916900635,0.18378928303718567,0.18449892103672028,0.18509317934513092,0.1843445897102356,0.18561434745788574,0.18685473501682281,0.20469161868095398,0.20289117097854614,0.23882737755775452,0.23740264773368835,0.3868621289730072,0.3747096359729767,0.6029220819473267,0.5794920325279236,0.7899038791656494,0.7266981601715088,0.8520462512969971,0.7944289445877075,0.8531088829040527,0.7835091948509216,0.8338222503662109,0.7607294917106628,0.8532142043113708,0.8491697311401367,1.1732782125473022,1.1246867179870605,1.4701988697052002,1.4540174007415771,1.5089532136917114,1.5003671646118164,1.5689173936843872,1.5533989667892456
0.3906274795532226,0.4033747990926107,0.4161220868428548,0.4178217569986979,0.4237704912821451,0.4033747990926107,0.4076238950093587,0.4110231717427571,0.4135726292928059,0.3931769371032715,0.3974260330200195,0.402524979909261,0.4059242566426595,0.3846787452697754,0.3880780220031738,0.3931769371032715,0.3965762138366699,0.3787299791971842,0.3804296493530273,0.3812794685363769,0.3838289260864257,0.7527085480866609,0.7723488701714409,0.7950107715747975,0.8237157751012731,0.8463776765046296,0.822204985441985,0.8524208351417825,0.8720611572265625,0.8886798434787326,0.8267374109338831,0.8584640502929688,0.8796151055230035,0.8962338482892072,0.8282482005931713,0.8554424144603588,0.8765935262044271,0.8932122689706308,0.8267374109338831,0.8463776765046296,0.8614856296115452,0.8765935262044271,0.5903353373209635,0.580987294514974,0.5716392517089843,0.5707894643147786,0.568239974975586,0.5869360605875651,0.5826869328816732,0.5775880177815755,0.5724891026814779,0.593734614054362,0.5886356989542644,0.580987294514974,0.5741887410481771,0.5962841033935546,0.5911851247151693,0.5835367838541666,0.5775880177815755,0.5971338907877605,0.5920349756876627,0.5869360605875651,0.5818371454874675,0.7934999819155093,0.814651037145544,0.8373129385489004,0.8645072089301216,0.8886798434787326,0.8645072089301216,0.8932122689706308,0.9098309552228008,0.9234280621563948,0.867528788248698,0.8962338482892072,0.9113417448820892,0.9234280621563948,0.8690395779079861,0.8932122689706308,0.9052985862449364,0.9158741138599537,0.867528788248698,0.8841474745008681,0.894723058629919,0.903787796585648,0.48691612482070923,0.49899205565452576,0.5051987171173096,0.5096052289009094,0.47750574350357056,0.47144240140914917,0.46596986055374146,0.5203701257705688,0.4571690857410431,0.500625729560852,0.4764658212661743,0.5685545206069946,0.41063743829727173,0.586354672908783,0.3729279637336731,0.5886688828468323,0.39510536193847656,0.5914714336395264,0.3906862437725067,0.5806215405464172,0.4073944091796875,0.5758295655250549,0.41569745540618896,0.5348116159439087,0.43226632475852966,0.5400092005729675,0.4364868998527527,0.5270757675170898,0.4322458505630493,0.5251840353012085,0.43086445331573486,0.5154425501823425,0.45025894045829773,0.20774173736572266,0.1837216168642044,0.18445368111133575,0.18506240844726562,0.1839682012796402,0.18514800071716309,0.1861729621887207,0.2046024203300476,0.20248590409755707,0.23772203922271729,0.23619361221790314,0.3868393301963806,0.37507450580596924,0.6021407842636108,0.5818179249763489,0.7899186015129089,0.750659704208374,0.8512620329856873,0.8177517056465149,0.8523154258728027,0.8105781078338623,0.8333260416984558,0.7882737517356873,0.8506969213485718,0.8478739261627197,1.1721686124801636,1.1235952377319336,1.4694181680679321,1.4524482488632202,1.5077074766159058,1.4988399744033813,1.5693862438201904,1.5523850917816162
0.3880306879679362,0.3999272664388021,0.4109740893046061,0.4126736005147298,0.416922378540039,0.3973779996236165,0.4007770220438639,0.4041760444641113,0.4067253112792969,0.3871809323628744,0.3914297103881836,0.3965282440185547,0.4007770220438639,0.3795331637064615,0.3837819099426269,0.388880443572998,0.3922794659932454,0.3752843856811523,0.376983896891276,0.3795331637064615,0.3820824305216471,0.7740119086371527,0.7951613249602141,0.8193321510597512,0.8480350070529514,0.8722057766384549,0.8465243304217304,0.875227129900897,0.8933552494755498,0.9099726924189816,0.8495456836841725,0.8812698364257813,0.9009086326316552,0.9175260755750868,0.8495456836841725,0.8797591597945602,0.897887279369213,0.9129940456814236,0.8480350070529514,0.8691844233760128,0.8842911896882234,0.897887279369213,0.5902723948160807,0.5809250513712565,0.572427495320638,0.57157777150472,0.5690284729003906,0.5868733723958334,0.5826245625813802,0.5783758163452148,0.5732772827148438,0.5945211410522461,0.588572883605957,0.5817748387654622,0.5749767939249675,0.5970704396565755,0.5911221186319987,0.5843240737915039,0.5783758163452148,0.5979201634724934,0.5928216298421224,0.5877230962117513,0.5817748387654622,0.793650648328993,0.8132894445348668,0.837460270634404,0.8631417168511285,0.8873125429506655,0.8646523934823496,0.8933552494755498,0.9099726924189816,0.9235687820999712,0.8676737467447917,0.8963766027379919,0.9099726924189816,0.92205810546875,0.8676737467447917,0.8918445728443287,0.9039299858940972,0.9145047223126448,0.8661630701135706,0.8827805130570023,0.8933552494755498,0.9024193092628762,0.4869278073310852,0.4989974796772003,0.5052212476730347,0.5096089839935303,0.47759100794792175,0.4715034067630768,0.46603503823280334,0.5203270316123962,0.45719024538993835,0.5006257891654968,0.4764765501022339,0.5685400366783142,0.41064414381980896,0.5863731503486633,0.3759400248527527,0.5890277624130249,0.3928493857383728,0.5919116735458374,0.3869229257106781,0.5808941125869751,0.4038633704185486,0.5761233568191528,0.4126119017601013,0.5351159572601318,0.4329063296318054,0.5404701828956604,0.4367642104625702,0.5271841883659363,0.4322493374347687,0.5251542925834656,0.4310094118118286,0.5160520672798157,0.44858604669570923,0.20727914571762085,0.1837080866098404,0.18444721400737762,0.1850571483373642,0.18372170627117157,0.18481120467185974,0.18565134704113007,0.2045983225107193,0.2020740956068039,0.2373046576976776,0.23556135594844818,0.38664692640304565,0.3756689429283142,0.6015828251838684,0.5865438580513,0.7899324893951416,0.7757001519203186,0.8504995107650757,0.8437442779541016,0.8515169024467468,0.8389754891395569,0.8328067660331726,0.8144404292106628,0.8490290641784668,0.8466201424598694,1.171301245689392,1.1242822408676147,1.4688336849212646,1.452122449874878,1.5067229270935059,1.4981739521026611,1.5712194442749023,1.553704023361206
0.3849438667297363,0.3959883689880371,0.4061833063761393,0.4087320327758789,0.4138295173645019,0.3925900777180989,0.3959883689880371,0.3993866920471191,0.4027850151062012,0.3823951403299967,0.3874925931294759,0.3925900777180989,0.3968379656473795,0.3764480908711751,0.3806959788004557,0.3849438667297363,0.3891917546590169,0.3722002029418945,0.3747489293416341,0.3781472524007161,0.3823951403299967,0.7889885231300636,0.8101335878725405,0.8342993277090567,0.8614858556676794,0.8856515955041956,0.8614858556676794,0.8901826646592882,0.9098173918547454,0.9234105993200232,0.866016924822772,0.8947137338143808,0.914348461009838,0.929452062536169,0.866016924822772,0.8916930587203414,0.9098173918547454,0.9219002617730034,0.8629961932146991,0.8826308638961227,0.896224127875434,0.9083069977936922,0.5905416488647461,0.5811963399251302,0.572700564066569,0.5718509674072265,0.5693022410074869,0.5871433258056641,0.5837450663248698,0.5786475499471029,0.5735500971476237,0.5947895685831706,0.5896921157836914,0.5820458730061849,0.5760988235473633,0.5973382949829101,0.592240842183431,0.5854441960652669,0.5794971466064454,0.5981878916422526,0.5939399719238281,0.5888425191243489,0.5828954696655273,0.7920092547381365,0.8131543194806135,0.8358097217701099,0.8629961932146991,0.8871619330512153,0.8645065307617188,0.8916930587203414,0.9098173918547454,0.9219002617730034,0.8675272623697917,0.8947137338143808,0.9098173918547454,0.9219002617730034,0.8675272623697917,0.8901826646592882,0.9037759286385996,0.9128380669487848,0.866016924822772,0.8826308638961227,0.8932033962673611,0.9007551970305266,0.48693448305130005,0.4989962875843048,0.5052364468574524,0.5096125602722168,0.47762927412986755,0.4715242385864258,0.46604862809181213,0.5201619863510132,0.4571892023086548,0.500621497631073,0.4764818847179413,0.5684930086135864,0.4106106460094452,0.5864081978797913,0.37781965732574463,0.5893146991729736,0.38889259099960327,0.592498779296875,0.3827230632305145,0.5811513066291809,0.39821764826774597,0.5763158798217773,0.40784624218940735,0.5353292226791382,0.4332906901836395,0.5416454672813416,0.4371078312397003,0.527445375919342,0.4324198067188263,0.525253176689148,0.43168050050735474,0.5169472098350525,0.44721519947052,0.20680414140224457,0.18366795778274536,0.184435173869133,0.18505163490772247,0.18348120152950287,0.18450337648391724,0.18523867428302765,0.20452246069908142,0.20179273188114166,0.23685625195503235,0.23495478928089142,0.3863161504268646,0.37621739506721497,0.601319432258606,0.5912702679634094,0.7899456024169922,0.7882428765296936,0.850080668926239,0.856949508190155,0.8511138558387756,0.8536391258239746,0.8325866460800171,0.8290425539016724,0.8480380177497864,0.8459756374359131,1.172086477279663,1.1259090900421143,1.4706287384033203,1.4532488584518433,1.5081490278244019,1.49912428855896,1.5749166011810303,1.5558208227157593
0.3822107315063476,0.3924133936564127,0.403466256459554,0.4051666895548502,0.4102680206298828,0.3890124956766764,0.3924133936564127,0.3966644922892252,0.4000653902689616,0.3788098653157552,0.3847613970438639,0.3907129605611165,0.3958142598470052,0.3745587348937988,0.3796600659688314,0.3856116294860839,0.3907129605611165,0.3711578687032064,0.3754089673360188,0.3805102984110514,0.3847613970438639,0.796442950213397,0.8176040084273727,0.840276590983073,0.8674836900499132,0.8901562160915799,0.8689951578776042,0.8962022569444444,0.914340266474971,0.9279438160083912,0.8720182065610532,0.9022482412832754,0.9188747829861112,0.9309668081778067,0.8720182065610532,0.8977137247721354,0.91282879864728,0.9234092994972511,0.8689951578776042,0.8871332239221643,0.8992252491138599,0.9098058064778646,0.5913651148478191,0.582012685139974,0.573510487874349,0.572660255432129,0.5701095581054687,0.5879642486572265,0.5845633188883463,0.5794619878133138,0.5743606567382813,0.5956162134806315,0.5905148824055989,0.582862917582194,0.5760611216227214,0.5981668472290039,0.5922153472900391,0.5854135513305664,0.5794619878133138,0.599017079671224,0.5939157485961915,0.5888144175211588,0.583713150024414,0.7919084902162905,0.8130695484302662,0.8357420744719328,0.8629491735387731,0.8871332239221643,0.8629491735387731,0.8916677404333044,0.90829428213614,0.9218978316695602,0.8659721657081887,0.8931792082609954,0.90829428213614,0.9203863073278356,0.8659721657081887,0.8886447482638888,0.9022482412832754,0.91282879864728,0.8644606413664642,0.8810871830692998,0.8916677404333044,0.8992252491138599,0.4869341552257538,0.4989972412586212,0.5052481889724731,0.5096167922019958,0.477654367685318,0.47153154015541077,0.4660489857196808,0.5198450684547424,0.4571450650691986,0.5005757808685303,0.476469486951828,0.5684086084365845,0.41045987606048584,0.5864539742469788,0.38064152002334595,0.5895594358444214,0.3875899612903595,0.5929059982299805,0.3817876875400543,0.5812941193580627,0.3958543837070465,0.5764196515083313,0.4052174389362335,0.5356078743934631,0.4339243769645691,0.5415541529655457,0.4371771216392517,0.5268019437789917,0.4318148195743561,0.524345874786377,0.4312031865119934,0.5163596868515015,0.44505518674850464,0.20640277862548828,0.18362046778202057,0.1844242960214615,0.18504564464092255,0.18319623172283173,0.1841445416212082,0.1847609430551529,0.20447228848934174,0.20143358409404755,0.236647367477417,0.23444721102714539,0.38586169481277466,0.3773977756500244,0.6009336113929749,0.5981221199035645,0.7899473905563354,0.7985671162605286,0.8497474193572998,0.8660388588905334,0.8508260250091553,0.8635064959526062,0.8324273228645325,0.8414039611816406,0.8481364846229553,0.8466293215751648,1.1744248867034912,1.1276899576187134,1.4727855920791626,1.4555490016937256,1.5100531578063965,1.501344919204712,1.5786818265914917,1.5599181652069092
0.3799651145935058,0.391020933787028,0.4012263298034668,0.4029272397359212,0.4080299377441406,0.3867686907450358,0.391020933787028,0.395273208618164,0.398674996693929,0.3774137496948242,0.3833669026692708,0.3901705106099447,0.395273208618164,0.373161506652832,0.3791146596272786,0.3850678126017252,0.391020933787028,0.3706101735432943,0.3757128715515136,0.3808155377705892,0.3859182357788085,0.7994414718062789,0.8206081814236111,0.8432868674949363,0.8705012568721064,0.8931798864293982,0.8735250402379919,0.8992275096752026,0.9173704359266494,0.9279538189923322,0.8750369601779514,0.903763269495081,0.9203942758065684,0.9324895788122106,0.8750369601779514,0.8992275096752026,0.914346652560764,0.9234181156864872,0.8720131202980325,0.8886441831235532,0.900739429615162,0.9098108927408854,0.5917270024617513,0.5823720932006836,0.5738676071166993,0.5730171203613281,0.5704657872517903,0.5883252461751302,0.5849234263102213,0.5798207600911458,0.5747180302937825,0.5959793090820312,0.590876579284668,0.5832225163777669,0.576418940226237,0.598530642191569,0.5934279123942058,0.5857739130655925,0.5798207600911458,0.5993810653686523,0.5951288223266602,0.5900261561075847,0.584073003133138,0.7918819286205151,0.8115367182978878,0.8342154043692129,0.8614297937463831,0.8856203432436343,0.8614297937463831,0.8901560465494792,0.908298972800926,0.9219061957465278,0.8644535771122686,0.8931798864293982,0.908298972800926,0.9203942758065684,0.8644535771122686,0.8886441831235532,0.900739429615162,0.9113228126808448,0.8629417136863425,0.8810845834237558,0.8901560465494792,0.8992275096752026,0.4868902266025543,0.49898067116737366,0.5052521824836731,0.5096091032028198,0.4776577353477478,0.4715324938297272,0.46601173281669617,0.5194771885871887,0.457027405500412,0.5004729628562927,0.47636842727661133,0.5682610869407654,0.41024091839790344,0.5865174531936646,0.38280054926872253,0.5897932052612305,0.38609954714775085,0.5932660698890686,0.38197019696235657,0.5815253853797913,0.39463329315185547,0.5765827894210815,0.40312495827674866,0.5357016324996948,0.43409454822540283,0.5415153503417969,0.43722841143608093,0.5264889001846313,0.4315990209579468,0.5239123106002808,0.4310941696166992,0.5161295533180237,0.4436752498149872,0.20570823550224304,0.18343672156333923,0.18432874977588654,0.18498645722866058,0.18272937834262848,0.18360383808612823,0.18410001695156097,0.20437292754650116,0.20099559426307678,0.23632337152957916,0.233708918094635,0.38525643944740295,0.37806740403175354,0.6005378365516663,0.6028003096580505,0.789875328540802,0.8043961524963379,0.8492612838745117,0.8697002530097961,0.850481390953064,0.8668496012687683,0.8322505354881287,0.8456873893737793,0.8494496941566467,0.8484286665916443,1.1788737773895264,1.1283032894134521,1.4751946926116943,1.4563266038894653,1.512136697769165,1.502200722694397,1.5823243856430054,1.562034249305725
0.3790447235107422,0.3892589886983236,0.3994732538859049,0.4011756261189779,0.4054315567016601,0.3858542442321777,0.39011017481486,0.3943661053975423,0.3986220677693685,0.3773423512776693,0.3833006540934244,0.3892589886983236,0.3952173233032227,0.373086420694987,0.3790447235107422,0.3850030581156413,0.3909613609313965,0.3705328305562337,0.3756399790445963,0.3807470957438151,0.3867054303487142,0.7992987173574942,0.8204838505497685,0.8431822035047744,0.8704202157479746,0.8931186252170139,0.873446711787471,0.8991715042679398,0.9158169781720196,0.92640951651114,0.8749599315502026,0.9037111635561342,0.9188434176974828,0.929435956036603,0.8749599315502026,0.8991715042679398,0.9127905386465568,0.9218698572229456,0.871933435510706,0.8885789094147859,0.8991715042679398,0.9082508228443288,0.5918418884277343,0.5824787775675456,0.573966916402181,0.5731157302856446,0.5705621719360352,0.589288330078125,0.585032335917155,0.5807764053344726,0.5756692886352539,0.5960978190104167,0.5909907023111979,0.5833299636840821,0.5773716608683268,0.598651377360026,0.5935442606608073,0.5867347717285156,0.5807764053344726,0.5995025634765625,0.5952466328938802,0.5901395161946614,0.5841811498006185,0.7917325620298032,0.811404475459346,0.8341028849283855,0.8613408971715857,0.8855524698893229,0.8613408971715857,0.8885789094147859,0.9067376030815972,0.920356637460214,0.8643673366970486,0.8916054054542825,0.9067376030815972,0.920356637460214,0.8643673366970486,0.8885789094147859,0.9006847240306713,0.9112773188838252,0.8628541169343171,0.879499590838397,0.8900921291775173,0.8991715042679398,0.4865385591983795,0.4986480474472046,0.5051700472831726,0.5094778537750244,0.47749099135398865,0.47141021490097046,0.46574652194976807,0.5188674330711365,0.45684096217155457,0.5002456903457642,0.47616979479789734,0.5680354237556458,0.4099658727645874,0.586601972579956,0.3837691843509674,0.5900400280952454,0.3850722312927246,0.5938208103179932,0.38116177916526794,0.5818251371383667,0.3932211101055145,0.5767852067947388,0.4015336334705353,0.5357081294059753,0.43417268991470337,0.5414097309112549,0.43728333711624146,0.5263615846633911,0.43103501200675964,0.5238091945648193,0.43063628673553467,0.5160399079322815,0.44193145632743835,0.20499907433986664,0.18311382830142975,0.1840088814496994,0.18468497693538666,0.18257400393486023,0.18345363438129425,0.18395555019378662,0.203785240650177,0.20088325440883636,0.23579475283622742,0.2330760657787323,0.38456037640571594,0.3784922957420349,0.5998409986495972,0.6052870750427246,0.7897976040840149,0.8035491108894348,0.8489145040512085,0.8691390156745911,0.8502935767173767,0.8663668036460876,0.8321507573127747,0.8452192544937134,0.8490647077560425,0.8483413457870483,1.1802479028701782,1.1285302639007568,1.4750088453292847,1.4560250043869019,1.5114904642105103,1.501853585243225,1.5828218460083008,1.5618059635162354
0.37885316212972,0.3890724182128906,0.3984401067097982,0.400143305460612,0.4044013341267903,0.3848143895467122,0.3899240175882975,0.3950336774190267,0.3992917060852051,0.3771499315897623,0.3831111907958984,0.3907756487528483,0.3967368761698405,0.372891902923584,0.3797047615051269,0.3865176200866699,0.3924788475036621,0.3711887041727701,0.3771499315897623,0.3822595914204915,0.3882208188374837,0.7991352787724247,0.8188168561017072,0.8430402967664931,0.8702917028356482,0.8930011890552662,0.8718056572808159,0.8975431089048033,0.9141967208297164,0.9247945149739584,0.8733196682400174,0.9020850287543404,0.9157107317889178,0.926308469419126,0.8733196682400174,0.8960291544596354,0.9096548574942128,0.9187386406792536,0.8702917028356482,0.8869453712745949,0.8975431089048033,0.905112937644676,0.5917547225952149,0.5832386652628581,0.5738709767659506,0.5730193456013998,0.571316146850586,0.5891998926798503,0.5849418640136719,0.5806838353474935,0.5755741755167644,0.5960127512613932,0.5917547225952149,0.5840902328491211,0.5781290054321289,0.5985675811767578,0.5934579213460286,0.5866450627644857,0.5806838353474935,0.6002707799275716,0.5951611200968424,0.5900515238444011,0.5849418640136719,0.7900514955873843,0.8112470273618345,0.8339565135814525,0.8596939652054398,0.8854313603153935,0.8612079196506076,0.8899732801649306,0.9066268920898436,0.9217666060836228,0.8642358285409433,0.8914872346100984,0.9066268920898436,0.9187386406792536,0.8642358285409433,0.8884593257197627,0.9005710743091725,0.9096548574942128,0.8627218740957755,0.8793754860206887,0.8899732801649306,0.8975431089048033,0.48574739694595337,0.49795350432395935,0.5049206614494324,0.5091837048530579,0.4770008623600006,0.4710668623447418,0.4651879072189331,0.5181427001953125,0.45666763186454773,0.49986889958381653,0.47573015093803406,0.5679413676261902,0.40975284576416016,0.5866597890853882,0.3841383159160614,0.5903005003929138,0.3842662572860718,0.5943917632102966,0.3806186318397522,0.5821183323860168,0.3923584520816803,0.5769678354263306,0.40050366520881653,0.5357526540756226,0.4343518912792206,0.5413510203361511,0.4373376965522766,0.5264038443565369,0.4309866726398468,0.5238518118858337,0.43062007427215576,0.5159661173820496,0.4416537284851074,0.20472539961338043,0.18290062248706818,0.18372847139835358,0.1843564212322235,0.18256638944149017,0.1834447979927063,0.18395735323429108,0.2030336856842041,0.2008795291185379,0.23553940653800964,0.23285382986068726,0.3841611444950104,0.37865081429481506,0.5995798110961914,0.6054953336715698,0.7897797226905823,0.8012740015983582,0.848751425743103,0.865729570388794,0.85007643699646,0.8631032705307007,0.8319957852363586,0.8419905304908752,0.8487971425056458,0.8483946323394775,1.1801215410232544,1.12890625,1.4745712280273438,1.4560271501541138,1.5109018087387085,1.5017642974853516,1.5823074579238892,1.5614315271377563
0.3776556650797526,0.3878756523132324,0.3980956395467122,0.4006506284077962,0.4040573120117187,0.3853206316630045,0.391282304128011,0.3963923136393229,0.4006506284077962,0.3776556650797526,0.3853206316630045,0.3929856300354004,0.3989473025004069,0.3742489814758301,0.3819139798482259,0.3887273152669271,0.3946889877319336,0.3725456555684407,0.3793589909871419,0.3844689687093099,0.3904306411743164,0.7992359867802372,0.8174048529730903,0.8401159780996817,0.8673692491319445,0.8900803742585359,0.8703973840784144,0.8961366441514756,0.9127914428710936,0.923389971697772,0.8734255755389179,0.9006788465711806,0.9127914428710936,0.923389971697772,0.8734255755389179,0.8961366441514756,0.906735172978154,0.9143055103443288,0.8719115080656828,0.887052239312066,0.8946225766782407,0.902192970558449,0.5922754923502604,0.5829071680704753,0.5743905385335286,0.5735388437906901,0.5709838231404623,0.5897204717000325,0.5854621887207031,0.5803521474202474,0.5760938644409179,0.5965338389078776,0.5914237976074219,0.5846104939778646,0.5777971903483073,0.5990887959798177,0.5939788182576498,0.5871655146280924,0.581203842163086,0.6007921854654948,0.5956821441650391,0.5905721664428711,0.5846104939778646,0.788637457953559,0.8098345156069156,0.8340596516927083,0.8597989117657697,0.8840240478515625,0.8613129792390046,0.8900803742585359,0.906735172978154,0.920361836751302,0.8628270467122395,0.8915944417317708,0.906735172978154,0.9188477692780672,0.8628270467122395,0.887052239312066,0.8991647790979456,0.9097633079246238,0.8597989117657697,0.8779677779586227,0.8885663067853009,0.8961366441514756,0.48509037494659424,0.4972628355026245,0.5046225786209106,0.5088948011398315,0.47636815905570984,0.4704839885234833,0.46433812379837036,0.5175883769989014,0.4563697874546051,0.49959152936935425,0.47521644830703735,0.5678664445877075,0.40955474972724915,0.5867124199867249,0.38398024439811707,0.5905488729476929,0.38347676396369934,0.5947939157485962,0.3806988298892975,0.5824068188667297,0.39260098338127136,0.5772011876106262,0.4003297686576843,0.5357601046562195,0.43449145555496216,0.541243851184845,0.4374237060546875,0.5265389680862427,0.43095022439956665,0.5241484045982361,0.43058517575263977,0.5159489512443542,0.4418400526046753,0.2047562152147293,0.18288464844226837,0.18368716537952423,0.18429207801818848,0.18260669708251953,0.18348704278469086,0.1840887814760208,0.2028251439332962,0.20092613995075226,0.235576793551445,0.2329743504524231,0.38361528515815735,0.3786768317222595,0.5992552638053894,0.6047531962394714,0.7897832989692688,0.8009153008460999,0.8486832976341248,0.8654335141181946,0.8500464558601379,0.8628711700439453,0.8319904208183289,0.8416426181793213,0.8485944271087646,0.848240077495575,1.1808488368988037,1.1295191049575806,1.4744858741760254,1.456502914428711,1.5105775594711304,1.5020442008972168,1.5824886560440063,1.5626037120819092
0.3774261792500814,0.3876506805419922,0.3978751818339029,0.4004313151041667,0.4046915054321289,0.3859465916951497,0.3919109026590983,0.3970231374104818,0.4012833595275878,0.3782782236735026,0.3859465916951497,0.3936149597167969,0.3995792706807454,0.3748700459798177,0.3825384140014648,0.3902068138122558,0.3953190485636393,0.3731659571329752,0.3799822807312011,0.3850945472717285,0.3910588582356771,0.7975467258029514,0.8172383626302083,0.838444745099103,0.8657101101345486,0.888431238245081,0.8702543470594618,0.894490220811632,0.9126671119972511,0.9232703314887152,0.8732838383427373,0.8990344577365451,0.9126671119972511,0.9247850206163194,0.8732838383427373,0.894490220811632,0.9066081294307002,0.9156966032805266,0.8702543470594618,0.8854017469618055,0.894490220811632,0.902063892505787,0.5921408335367838,0.5827683766682943,0.574247932434082,0.5733959197998046,0.5708397547403972,0.5895846684773763,0.585324478149414,0.5802122116088867,0.5759520212809245,0.5964010238647461,0.5912887573242187,0.5844724655151368,0.577656110127767,0.5989571889241536,0.5938449223836263,0.5870285669962565,0.5810642878214518,0.6006612141927083,0.5955490112304688,0.5904367446899415,0.5844724655151368,0.7884583084671586,0.8096646909360532,0.8339005646882234,0.8596511275679977,0.8838870013201678,0.8611658732096354,0.8899459838867188,0.9066081294307002,0.9202408402054398,0.8626806188512731,0.8914607295283565,0.9066081294307002,0.918726094563802,0.8626806188512731,0.8869164926034433,0.8990344577365451,0.9096376207139756,0.8611658732096354,0.8778280752676505,0.888431238245081,0.8975197120949074,0.48415544629096985,0.4963652491569519,0.5041499733924866,0.5085403919219971,0.4755595028400421,0.46967655420303345,0.46336430311203003,0.5169306993484497,0.45602667331695557,0.49910789728164673,0.4745238423347473,0.5678154230117798,0.40932050347328186,0.5867446660995483,0.3838689625263214,0.5907675623893738,0.38291725516319275,0.5950568914413452,0.38061702251434326,0.5826314091682434,0.39279234409332275,0.5774075984954834,0.4003679156303406,0.5358193516731262,0.43463173508644104,0.5411953330039978,0.43749892711639404,0.5267395377159119,0.43095478415489197,0.5243937373161316,0.43060439825057983,0.5162490010261536,0.4418988823890686,0.20475560426712036,0.18283909559249878,0.18360669910907745,0.18419195711612701,0.18265880644321442,0.18355371057987213,0.18429988622665405,0.20260131359100342,0.20108316838741302,0.2356528788805008,0.2330796718597412,0.3830330967903137,0.37868809700012207,0.5988418459892273,0.6041679978370667,0.7897917032241821,0.7996143698692322,0.8486721515655518,0.8637368083000183,0.850037157535553,0.8612373471260071,0.8319851756095886,0.839911699295044,0.8484339714050293,0.8481018543243408,1.180568814277649,1.1293491125106812,1.474450707435608,1.4562652111053467,1.5106542110443115,1.5018738508224487,1.582368016242981,1.562109351158142
0.3772275606791178,0.3874502182006836,0.398524792989095,0.4002285639444987,0.4044879913330078,0.3857464472452799,0.3917096773783365,0.3968209902445475,0.4019323348999023,0.3780794461568196,0.3857464472452799,0.3934134483337402,0.3993766784667968,0.3755237579345703,0.3831907908121745,0.390005874633789,0.3951172192891439,0.3738199869791667,0.3797832171122233,0.3857464472452799,0.3908577919006347,0.7975385312680845,0.8157121446397569,0.8384292037398727,0.8656896520543982,0.8884067111545139,0.8702330977828414,0.894464619954427,0.9126382333260996,0.9232395313404224,0.8732620239257812,0.8990080091688368,0.9126382333260996,0.9247539944118924,0.8732620239257812,0.894464619954427,0.90658038104022,0.9171816225405092,0.8702330977828414,0.885377785011574,0.894464619954427,0.9035513983832464,0.5927555084228515,0.5833847681681316,0.5740139643351237,0.5731620788574219,0.5706064224243164,0.5893479665120442,0.5850885391235352,0.580829111735026,0.5757177352905274,0.5961631139119467,0.5919036229451498,0.5842366536458333,0.5782733917236328,0.5995706558227539,0.5936074574788411,0.5867923100789388,0.580829111735026,0.6004225413004557,0.5953112284342448,0.5901998519897461,0.5850885391235352,0.7884516963252315,0.8096542923538773,0.833885814525463,0.8596317997685186,0.8838633219401042,0.8611462628399884,0.8899211742259838,0.90658038104022,0.9202106051974828,0.8626607259114584,0.8914356372974537,0.90658038104022,0.9186961421260128,0.8626607259114584,0.886892248083044,0.8990080091688368,0.9096093071831596,0.8611462628399884,0.877805413140191,0.8884067111545139,0.8974935460973669,0.483476847410202,0.49566203355789185,0.5037382245063782,0.508228600025177,0.4749175012111664,0.4690122902393341,0.4625411629676819,0.5164746046066284,0.455657035112381,0.49862906336784363,0.4738406836986542,0.5676984190940857,0.4091552197933197,0.5867602229118347,0.3837866485118866,0.5908879637718201,0.38241973519325256,0.5951913595199585,0.3802924156188965,0.5827716588973999,0.39256173372268677,0.5775316953659058,0.40007466077804565,0.5358261466026306,0.4346493184566498,0.5419036746025085,0.438421368598938,0.5277020335197449,0.43156740069389343,0.525375247001648,0.43126726150512695,0.5170413255691528,0.4423515200614929,0.2047719657421112,0.1827947050333023,0.1835276484489441,0.1840917021036148,0.18268713355064392,0.18358631432056427,0.18441826105117798,0.20232214033603668,0.20120416581630707,0.23583589494228363,0.23331798613071442,0.38241440057754517,0.378735214471817,0.5985156297683716,0.603876531124115,0.789771556854248,0.7988902926445007,0.8485363721847534,0.8629003167152405,0.8499574065208435,0.8602297902107239,0.8319313526153564,0.8388150334358215,0.8483036160469055,0.8479878306388855,1.1791318655014038,1.1292881965637207,1.4742541313171387,1.4557806253433228,1.5104050636291504,1.500825047492981,1.5819220542907715,1.5617314577102661
0.3765161196390788,0.3875877062479655,0.3978076616923014,0.4003626505533854,0.4046209653218587,0.3858843803405761,0.3918460210164388,0.3969559987386067,0.4012143135070801,0.3782194455464681,0.3858843803405761,0.3935493469238281,0.3995109875996908,0.3748127937316894,0.3824777603149414,0.3901426951090495,0.3952526728312174,0.3731094678243001,0.3799227714538574,0.3850327173868815,0.3909943580627441,0.7974529690212674,0.8171358461733218,0.839846858271846,0.8655859488028067,0.8898110283745659,0.8701281512225115,0.8958672982675058,0.9125220404730904,0.9231205127857348,0.8731562861689814,0.9004095006872106,0.9140361079463252,0.92463458025897,0.8731562861689814,0.8958672982675058,0.9064657705801504,0.9170642428927952,0.8716422186957465,0.886782893428096,0.8958672982675058,0.9034376356336804,0.5919866561889648,0.5826183954874674,0.5741017659505209,0.5732500712076823,0.5706951141357421,0.5885800043741862,0.5851733525594075,0.5800633748372396,0.5758050918579102,0.596245002746582,0.5911350250244141,0.5843217213948567,0.5775084177652995,0.5987999598185222,0.5936899820963542,0.5868766784667969,0.5809150695800781,0.6005032857259115,0.5953933080037435,0.5902833302815755,0.5843217213948567,0.7883685641818576,0.809565508807147,0.8337905883789063,0.8595297354239004,0.8837547584816262,0.8610437463831019,0.8898110283745659,0.9064657705801504,0.920092377839265,0.8640718813295718,0.891325095847801,0.9064657705801504,0.91857831036603,0.8625578138563368,0.886782893428096,0.8988954332139757,0.9094939055266203,0.8610437463831019,0.8776984885886864,0.888296960901331,0.8958672982675058,0.4830733835697174,0.4952411651611328,0.5034777522087097,0.508013904094696,0.47435706853866577,0.46840789914131165,0.4618043899536133,0.5161248445510864,0.4552699625492096,0.49829310178756714,0.47338858246803284,0.5676202774047852,0.40903520584106445,0.5867679715156555,0.38371676206588745,0.5909697413444519,0.3821526765823364,0.5952728390693665,0.3800153136253357,0.5828825831413269,0.3923245668411255,0.5776301026344299,0.3998076021671295,0.5358326435089111,0.43468472361564636,0.5419146418571472,0.4387208819389343,0.5278504490852356,0.43176522850990295,0.5255874395370483,0.43154510855674744,0.5170395970344543,0.4424321949481964,0.20489460229873657,0.18276406824588776,0.18345746397972107,0.1839888095855713,0.1827438920736313,0.18365924060344696,0.18461258709430695,0.20193468034267426,0.20135796070098877,0.2360883355140686,0.23385177552700043,0.38199368119239807,0.37877073884010315,0.5984802842140198,0.6037308573722839,0.7897590398788452,0.799085795879364,0.848429799079895,0.863145112991333,0.8498823046684265,0.8606035709381104,0.8318802714347839,0.8392489552497864,0.8482131361961365,0.8479554653167725,1.1785008907318115,1.1292266845703125,1.4739673137664795,1.455538034439087,1.5101643800735474,1.5004626512527466,1.5815393924713135,1.5616039037704468
0.3774949709574381,0.3877206166585286,0.3987983703613281,0.40050261815389,0.4047633171081543,0.3860163370768229,0.3919812838236491,0.3970940907796224,0.4013547579447428,0.378347110748291,0.3860163370768229,0.3936855634053548,0.3987983703613281,0.3749385833740234,0.3826077779134114,0.3894248644510905,0.3953898111979166,0.3732343037923177,0.3791992505391439,0.38516419728597,0.3902770042419433,0.7973791616934317,0.8170729460539641,0.8397965607819734,0.8670648645471644,0.8897884792751736,0.8716096100983797,0.8973629986798322,0.9140270091869211,0.9231164437753184,0.8746394404658565,0.900392829047309,0.9140270091869211,0.9246313589590568,0.873124525282118,0.8958481400101274,0.9064524897822628,0.9155419243706596,0.8716096100983797,0.8867586489076967,0.8943332248263889,0.9019077442310476,0.5913809458414714,0.5820074717203776,0.5734860738118489,0.572633934020996,0.5700775782267252,0.5888245264689128,0.5845638275146484,0.5803031921386719,0.5751903533935547,0.5956415812174479,0.5913809458414714,0.5837116877237956,0.5777467727661133,0.5990501403808594,0.59393736521403,0.587120246887207,0.5811553319295247,0.5999022801717122,0.5956415812174479,0.5905288060506185,0.5845638275146484,0.7882897271050348,0.8094984266493056,0.8337369000470197,0.8594903451425058,0.8837288750542535,0.8610052603262442,0.8882735640914352,0.9064524897822628,0.9200866134078416,0.8625201755099826,0.891303394458912,0.9064524897822628,0.918571698224103,0.8625201755099826,0.8867586489076967,0.8988779138635706,0.909482263635706,0.8610052603262442,0.8776692143192998,0.8882735640914352,0.8973629986798322,0.4829103648662567,0.4950849115848541,0.5033615231513977,0.5078876614570618,0.47409066557884216,0.4680829644203186,0.4613770544528961,0.5156923532485962,0.45491161942481995,0.4980565309524536,0.4731189012527466,0.5675974488258362,0.4089418351650238,0.5867623686790466,0.383710116147995,0.5910005569458008,0.38212546706199646,0.5952990055084229,0.3801284432411194,0.582935094833374,0.39222997426986694,0.5776767134666443,0.3996766209602356,0.5358307361602783,0.4346970021724701,0.5420007109642029,0.43874531984329224,0.527898907661438,0.4317626655101776,0.5256242156028748,0.43153494596481323,0.5170280933380127,0.4424980580806732,0.20493483543395996,0.18273785710334778,0.18340805172920227,0.1839243620634079,0.18276174366474152,0.18367961049079895,0.18468765914440155,0.20160241425037384,0.20142817497253418,0.23615702986717224,0.2341029942035675,0.3816538453102112,0.37878942489624023,0.5984578728675842,0.6038966774940491,0.789592444896698,0.8000398874282837,0.8481513261795044,0.8644985556602478,0.8496276140213013,0.8618525266647339,0.8316577672958374,0.8405166268348694,0.8481668829917908,0.847870409488678,1.17815101146698,1.1291050910949707,1.473759651184082,1.4554861783981323,1.509985089302063,1.5003200769424438,1.5812519788742065,1.5613465309143066
0.3777544975280761,0.3888331095377604,0.3990595499674479,0.4007639567057292,0.4041727383931477,0.3862765312194824,0.3922419230143229,0.3973551432291666,0.4016161600748698,0.3786067008972168,0.3862765312194824,0.3930941263834635,0.3990595499674479,0.3751978874206543,0.3828677177429199,0.389685312906901,0.3947985331217448,0.373493480682373,0.3794589042663574,0.3854243278503418,0.3905375162760416,0.8004104614257812,0.8201058281792535,0.8413161666304977,0.8685866179289641,0.8913119845920139,0.8716166743525753,0.8973720974392361,0.9140373512550636,0.9246425487377026,0.8746467307761864,0.9019171820746528,0.9140373512550636,0.9246425487377026,0.8746467307761864,0.8973720974392361,0.9079772384078414,0.9170674076786748,0.8716166743525753,0.8867668999565972,0.8973720974392361,0.9034322102864584,0.5916571299235026,0.5822828928629558,0.5729086558024089,0.5720564524332682,0.5694998423258464,0.5882483164469401,0.583987299601237,0.5797262827555338,0.5746130625406901,0.595918083190918,0.590804926554362,0.5831350962320964,0.5763174692789713,0.5984746932983398,0.5933615366617838,0.5865439097086589,0.5805784861246744,0.5993268966674805,0.5950658798217774,0.5899527231852214,0.583987299601237,0.7882902922453704,0.8095006306966146,0.8322259973596644,0.8594964486581308,0.8837368435329861,0.8610114768699363,0.8882819281684028,0.906462210196036,0.920097464102286,0.8625265050817419,0.8913119845920139,0.906462210196036,0.9185824358904804,0.8625265050817419,0.8867668999565972,0.8988871256510417,0.909492266619647,0.8610114768699363,0.8776767871997975,0.8882819281684028,0.8973720974392361,0.48262327909469604,0.49473482370376587,0.5031313896179199,0.5077182650566101,0.47377631068229675,0.4677596986293793,0.4609735310077667,0.5153459906578064,0.45454004406929016,0.4977840781211853,0.4728291630744934,0.5675879716873169,0.4087845981121063,0.5867466330528259,0.38396939635276794,0.5910069942474365,0.3824261724948883,0.5952985286712646,0.38046708703041077,0.5829451084136963,0.39247575402259827,0.5776835083961487,0.39990106225013733,0.5358347296714783,0.43474406003952026,0.5419890284538269,0.43879836797714233,0.5281921625137329,0.4318908751010895,0.5261613130569458,0.43165066838264465,0.5170819759368896,0.4427981376647949,0.20493632555007935,0.18265943229198456,0.18328431248664856,0.18377530574798584,0.18277031183242798,0.1836925745010376,0.18475109338760376,0.20118112862110138,0.2015465945005417,0.23617589473724365,0.23418636620044708,0.38146087527275085,0.3787964880466461,0.5984609723091125,0.6041566729545593,0.7895939946174622,0.800549328327179,0.84806889295578,0.8653798699378967,0.8495669364929199,0.8633868098258972,0.8316280841827393,0.8421016335487366,0.8480952978134155,0.847786009311676,1.1777050495147705,1.1290279626846313,1.4734801054000854,1.4553674459457397,1.509535551071167,1.4998202323913574,1.5810959339141846,1.5611331462860107
0.3787682851155599,0.3889958381652832,0.3992233912150065,0.400927988688151,0.4043371836344401,0.3864389419555664,0.3924050331115722,0.397518793741862,0.4017802874247233,0.3787682851155599,0.3864389419555664,0.3932573000590006,0.3992233912150065,0.3753590901692708,0.3830297470092773,0.3898481369018555,0.3958141962687174,0.3736544926961263,0.3796205838521321,0.3855866432189941,0.3907004356384277,0.7988841869212963,0.8200968989619503,0.8428248087565104,0.8700983118127894,0.8928262216073496,0.8731287073206019,0.8988870126229745,0.9140389336480036,0.9246452614113136,0.8761591028284144,0.9019173516167536,0.9155541314019098,0.92616045916522,0.8746439050745081,0.8973718148690683,0.9094933403862848,0.9185845269097224,0.8731287073206019,0.8882806283456308,0.8973718148690683,0.904947747124566,0.5909901301066081,0.581614875793457,0.5722396214803059,0.5713872909545898,0.5688304265340169,0.5875809351603191,0.5833194732666016,0.5790579477945964,0.5739442189534505,0.5952515920003255,0.590137799580892,0.5824671427408854,0.5756487528483073,0.5978085199991862,0.5926947275797526,0.585024070739746,0.5790579477945964,0.5986607869466146,0.5943993250528972,0.5892855326334635,0.5833194732666016,0.7897930003978588,0.8094905711986401,0.8322184809932003,0.8594919275354456,0.883735035083912,0.8610071252893519,0.8882806283456308,0.9064629448784722,0.9200997246636284,0.8640375207971643,0.8913110238534433,0.9064629448784722,0.9185845269097224,0.8640375207971643,0.8867654305917245,0.9004022103768808,0.9094933403862848,0.8610071252893519,0.8791894418221933,0.8882806283456308,0.8973718148690683,0.48241758346557617,0.4944823384284973,0.5029521584510803,0.5075907707214355,0.47353920340538025,0.46751031279563904,0.4606841802597046,0.515140950679779,0.45428434014320374,0.4976094663143158,0.47262969613075256,0.567579448223114,0.4086979627609253,0.5867486596107483,0.3842795193195343,0.5910024046897888,0.38264456391334534,0.5951749086380005,0.38068822026252747,0.5828975439071655,0.39264804124832153,0.5776890516281128,0.40005651116371155,0.5358402729034424,0.4347870647907257,0.5419905781745911,0.43914860486984253,0.5282072424888611,0.432235985994339,0.5262058973312378,0.43196380138397217,0.5170741677284241,0.44335639476776123,0.20494496822357178,0.1826043725013733,0.18318839371204376,0.18365557491779327,0.18279622495174408,0.1837308257818222,0.18487365543842316,0.20077267289161682,0.20173804461956024,0.23620320856571198,0.2343119978904724,0.38133975863456726,0.3788084387779236,0.5984688401222229,0.6043658256530762,0.7896638512611389,0.8017383813858032,0.8480318188667297,0.8669512271881104,0.8495715260505676,0.864871084690094,0.8316567540168762,0.8436375856399536,0.8473891615867615,0.847273051738739,1.1764520406723022,1.1288715600967407,1.4725576639175415,1.4548511505126953,1.5086091756820679,1.4991230964660645,1.580301284790039,1.5608396530151367
0.3796874046325683,0.3899124145507812,0.400137456258138,0.4009895324707031,0.4043979008992513,0.387356154123942,0.3933207829793294,0.3975811958312988,0.4018416404724121,0.3796874046325683,0.386504077911377,0.3933207829793294,0.3992853800455729,0.3762790362040202,0.3830957412719726,0.3899124145507812,0.3950249354044596,0.37457488377889,0.3805394808451334,0.3856520016988118,0.3907645225524902,0.8019452695493345,0.8216379236291956,0.842845379864728,0.871626959906684,0.8928344161422165,0.8731417620623553,0.8988937377929688,0.9140419288917824,0.92616045916522,0.8761714228877315,0.9019233421043114,0.917071533203125,0.9276753178349249,0.8761714228877315,0.8973788791232639,0.909497465910735,0.9201011940285012,0.8731417620623553,0.888289953161169,0.8988937377929688,0.9049530029296876,0.5901526769002279,0.5807797114054362,0.5714067459106446,0.5705546696980794,0.5679984410603841,0.5867443084716797,0.5824839274088541,0.5773714065551758,0.5722588857014974,0.5944131215413412,0.5893006006876628,0.5816317876180013,0.5748151143391927,0.5969693501790364,0.591004753112793,0.5841880798339844,0.5782234827677409,0.5978214263916015,0.5935610453287761,0.5884485244750977,0.5824839274088541,0.7883118806061922,0.8095193368417245,0.8337564539026331,0.8595083731192129,0.8837455466941551,0.8610232317889178,0.888289953161169,0.9064678050853588,0.9201011940285012,0.8640528361002604,0.8913196139865451,0.9064678050853588,0.91858639187283,0.8640528361002604,0.8867751510054976,0.90040853994864,0.909497465910735,0.8610232317889178,0.8792010837131077,0.888289953161169,0.8973788791232639,0.4822658598423004,0.49429428577423096,0.502812922000885,0.5074821710586548,0.4733777642250061,0.467326819896698,0.460481196641922,0.5149452686309814,0.454073041677475,0.4974588453769684,0.47242289781570435,0.5675668716430664,0.4086375832557678,0.5867504477500916,0.38459742069244385,0.5909776091575623,0.38280680775642395,0.5948620438575745,0.38084936141967773,0.5828543305397034,0.39279651641845703,0.5776966214179993,0.4001663625240326,0.5358439087867737,0.4348493814468384,0.5419836044311523,0.43968358635902405,0.5282277464866638,0.43289992213249207,0.5262530446052551,0.432647705078125,0.5171161890029907,0.44422444701194763,0.20493493974208832,0.18255765736103058,0.18312789499759674,0.18358875811100006,0.18280047178268433,0.18373551964759827,0.18490564823150635,0.20061537623405457,0.20182858407497406,0.23620328307151794,0.23432768881320953,0.38120323419570923,0.37885504961013794,0.598382294178009,0.604451060295105,0.7897119522094727,0.8034629821777344,0.8480044007301331,0.8691940903663635,0.849612832069397,0.8670958876609802,0.8317031860351562,0.8459236025810242,0.8460346460342407,0.8464633226394653,1.1750293970108032,1.1287404298782349,1.4700558185577393,1.4543793201446533,1.5055863857269287,1.498454213142395,1.5785629749298096,1.5606176853179932
0.3805630366007487,0.3907854715983073,0.4010079383850097,0.4018597920735677,0.4044154167175293,0.3882298787434896,0.3933410962422689,0.3984523137410481,0.4018597920735677,0.3805630366007487,0.3873779932657877,0.3933410962422689,0.39930419921875,0.3771555582682291,0.3839705149332682,0.3899336179097493,0.3950448354085286,0.3745999336242676,0.3805630366007487,0.385674254099528,0.3907854715983073,0.8019906503182871,0.8216783311631944,0.8443948816370082,0.871654764811198,0.8928568522135417,0.8731691713686343,0.8989145914713542,0.9155734026873552,0.926174474645544,0.8761980409975405,0.9034579241717304,0.9170878657588252,0.9292033442744504,0.8761980409975405,0.8989145914713542,0.9110301265010128,0.9201167353877316,0.8731691713686343,0.8883135760271991,0.8989145914713542,0.9064867938006366,0.589271354675293,0.5799008051554362,0.5713820775349935,0.5696783701578776,0.5671227137247722,0.5858638763427735,0.5816045125325521,0.5764933268229167,0.5713820775349935,0.5935307184855143,0.5875676472981771,0.5807526906331381,0.5739376703898112,0.5960863113403321,0.5909751256306967,0.5841601689656576,0.5781970342000325,0.5969381968180338,0.5926788330078125,0.5875676472981771,0.5816045125325521,0.7883607087311921,0.8095628526475694,0.8322794031213832,0.8595392297815394,0.883770243326823,0.8610536928530093,0.8883135760271991,0.9064867938006366,0.9186022723162616,0.8625681559244792,0.8913424456561053,0.9064867938006366,0.9186022723162616,0.8625681559244792,0.8867991129557292,0.8989145914713542,0.9095156634295428,0.8610536928530093,0.8792269106264468,0.8883135760271991,0.8974001849139178,0.48217087984085083,0.49418896436691284,0.5027332305908203,0.5074114203453064,0.47329235076904297,0.46723973751068115,0.4603772461414337,0.514812171459198,0.45392516255378723,0.4973215162754059,0.4722658395767212,0.5675612092018127,0.40854504704475403,0.5867583155632019,0.3847680389881134,0.5909544825553894,0.38292399048805237,0.5944558382034302,0.3809603452682495,0.582755982875824,0.3929154574871063,0.5776939988136292,0.4002682864665985,0.5358602404594421,0.43490853905677795,0.541984498500824,0.4407833516597748,0.5282766819000244,0.4340985119342804,0.526322066783905,0.4337735176086426,0.5171588659286499,0.4459250271320343,0.20493720471858978,0.1825104057788849,0.18306441605091095,0.18351274728775024,0.1828041523694992,0.18373997509479523,0.18493454158306122,0.20043741166591644,0.20186902582645416,0.23620611429214478,0.2343638837337494,0.3810616135597229,0.3788696527481079,0.5982025265693665,0.604560136795044,0.7896637916564941,0.8044649958610535,0.8479954600334167,0.8703510165214539,0.8495933413505554,0.8679689764976501,0.831598162651062,0.8467857241630554,0.8449707627296448,0.845786988735199,1.1734048128128052,1.1284857988357544,1.4686050415039062,1.454121470451355,1.504203200340271,1.4980829954147339,1.5769902467727661,1.5605239868164062
0.3813807805379232,0.3916056632995605,0.4009784380594889,0.401830514272054,0.4043867429097493,0.3881973584493001,0.3933097839355469,0.3984222412109375,0.401830514272054,0.3805287361145019,0.387345282236735,0.3933097839355469,0.3992742856343587,0.3771204312642415,0.3830849329630534,0.3899015108744303,0.3950139363606771,0.3745642344156901,0.3805287361145019,0.3856411616007487,0.3907535870869954,0.800353099681713,0.821560216833044,0.8442821361400463,0.8715484619140625,0.8927555790653935,0.8730632075557002,0.8988147311740451,0.9154774418583622,0.9260810004340276,0.8760928118670428,0.903359137641059,0.9169922440140336,0.9291106047453704,0.8745780097113716,0.8988147311740451,0.910933091905382,0.9215366504810476,0.8730632075557002,0.8882111725983797,0.8988147311740451,0.906388685438368,0.5884342193603516,0.5790614446004232,0.5705407460530599,0.5688365936279297,0.5662803649902344,0.5850259145100911,0.5807655970255534,0.5756531397501627,0.5705407460530599,0.5926946004231771,0.5867300669352213,0.5799135208129883,0.5730969111124674,0.5952508290608723,0.5901383717854818,0.5824697494506836,0.5765052159627279,0.5961029052734375,0.591842524210612,0.5867300669352213,0.5807655970255534,0.7882347389503762,0.8094418561017072,0.8321637754087094,0.8594301011827257,0.8836667661313657,0.8609448468243635,0.8882111725983797,0.906388685438368,0.920021848325376,0.863974451135706,0.8912407769097223,0.906388685438368,0.9185070461697048,0.863974451135706,0.8882111725983797,0.9003295333297164,0.9094182897497106,0.8609448468243635,0.8791224161783854,0.8897259747540509,0.8972999290183739,0.4821411073207855,0.49415552616119385,0.5027107000350952,0.5073872804641724,0.47323644161224365,0.4671846032142639,0.4603101909160614,0.5147688984870911,0.453822523355484,0.4972923696041107,0.47220441699028015,0.5675211548805237,0.4084928631782532,0.5867598652839661,0.38487333059310913,0.5908806920051575,0.3829692602157593,0.5939880609512329,0.3810543715953827,0.5824142098426819,0.393000066280365,0.5774968266487122,0.4003121554851532,0.5358641147613525,0.434986412525177,0.5419865250587463,0.44166386127471924,0.5284999012947083,0.4355824887752533,0.5266568660736084,0.4352788031101227,0.5172637104988098,0.44787177443504333,0.2049648016691208,0.18249662220478058,0.18303897976875305,0.1834772676229477,0.1828145533800125,0.1837526112794876,0.1849784553050995,0.20030346512794495,0.20195166766643524,0.2362471967935562,0.23445871472358704,0.3809381127357483,0.3788788318634033,0.597644567489624,0.6045395731925964,0.788589358329773,0.8045607209205627,0.8473144173622131,0.870237410068512,0.8486149907112122,0.8679410219192505,0.8303149938583374,0.846703290939331,0.8441193699836731,0.8452851176261902,1.1716206073760986,1.1281315088272095,1.4668809175491333,1.453942060470581,1.5027517080307007,1.4978300333023071,1.5746428966522217,1.5604132413864136
0.3814409573872884,0.3916598637898763,0.4010272026062011,0.4018787701924642,0.4044335047403971,0.3882535616556803,0.3933629989624023,0.3984724680582682,0.4018787701924642,0.3805893580118815,0.3874019622802734,0.3933629989624023,0.3993240356445312,0.3771830558776855,0.3831440925598144,0.3899566968282064,0.3950661659240723,0.3746283213297526,0.3805893580118815,0.3856988271077474,0.3908082962036133,0.8004535816333912,0.8216483787254051,0.8443570737485533,0.8716075190791377,0.8928023161711516,0.8731214735243056,0.8988579644097222,0.9155110111942998,0.9261084097403068,0.8761492693865741,0.9033997147171584,0.9170249656394676,0.9291362621166088,0.8761492693865741,0.8988579644097222,0.910969317400897,0.921566715946904,0.8731214735243056,0.8882605658637153,0.8988579644097222,0.9064275670934606,0.5883740107218425,0.5781550725301107,0.5696393330891927,0.5679361979166667,0.5653814315795899,0.5841161092122396,0.5798582712809245,0.5747488021850586,0.5696393330891927,0.5917803446451823,0.5858193079630534,0.5790067036946615,0.5721940358479818,0.5943350474039714,0.5892255783081055,0.5824129740397136,0.5764519373575846,0.5951866149902344,0.5909287134806315,0.5858193079630534,0.5798582712809245,0.7898561830873843,0.8095370822482639,0.832245777271412,0.8594962226019965,0.8837188720703125,0.8610101205331308,0.8897745203088832,0.9064275670934606,0.920052761501736,0.8640379729094328,0.8912884182400174,0.9064275670934606,0.918538863570602,0.8640379729094328,0.8882605658637153,0.9003719188548901,0.9094553629557292,0.8625240749782986,0.8791771217628762,0.8897745203088832,0.897344066478588,0.48211076855659485,0.4941243827342987,0.5026820302009583,0.5073481798171997,0.4732106328010559,0.46715888381004333,0.46027040481567383,0.5147345662117004,0.45375123620033264,0.4972273111343384,0.4721458852291107,0.5675145983695984,0.40847811102867126,0.5867592096328735,0.38501784205436707,0.5906738638877869,0.3831120431423187,0.5934333801269531,0.38111889362335205,0.5818879008293152,0.3930515944957733,0.5770769119262695,0.4003576338291168,0.5358691811561584,0.43503400683403015,0.5420645475387573,0.44203487038612366,0.5285144448280334,0.4360335171222687,0.5266426205635071,0.43572095036506653,0.5175575613975525,0.4483618140220642,0.20497581362724304,0.18246041238307953,0.18299682438373566,0.18342986702919006,0.18281249701976776,0.18375235795974731,0.18499372899532318,0.20025603473186493,0.20196346938610077,0.23628470301628113,0.2345343977212906,0.3808591365814209,0.3788931965827942,0.5974295735359192,0.6045113801956177,0.7877461314201355,0.8046550154685974,0.8466429114341736,0.8702952265739441,0.8479647040367126,0.8681488037109375,0.8294613361358643,0.846880316734314,0.8431177735328674,0.8448048233985901,1.1716035604476929,1.128066062927246,1.4664121866226196,1.4538218975067139,1.502124547958374,1.4977608919143677,1.5744240283966064,1.5605719089508057
